%!PS-Adobe-3.0
%Test postscript
%%Title: Phylip Tree Output
%%Creator: Phylip Drawgram
%%Pages: 1 1
%%DocumentFonts: (atend)
%%Orientation: Portrait
%%DocumentMedia: Page 585 765 0 ( ) ( )
%%BoundingBox: 46 61 539 704
%%EndComments
/l {newpath moveto lineto stroke} def
%%EndProlog
%%Page: 1 1
<< /PageSize [ 585 765 ] >> setpagedevice 1 setlinecap 
 1 setlinejoin
    0.03 setlinewidth newpath
  413.92   403.18   413.86   407.28 l
  413.86   407.28   223.22   396.79 l
  223.22   396.79   233.04   395.11 l
  223.22   396.79   223.22   396.79 l
  223.22   396.79   269.36   385.08 l
  223.22   396.79   223.21   396.79 l
  223.21   396.79   251.48   388.55 l
  251.48   388.55   251.48   388.55 l
  251.48   388.55   251.48   388.55 l
  223.21   396.79   218.42   396.16 l
  218.42   396.16   212.99   394.67 l
  212.99   394.67   233.32   388.12 l
  233.32   388.12   234.02   387.91 l
  234.02   387.91   236.48   387.58 l
  234.02   387.91   234.62   387.73 l
  234.62   387.73   236.26   387.50 l
  236.26   387.50   236.54   387.46 l
  236.26   387.50   236.72   387.37 l
  234.62   387.73   236.12   387.15 l
  236.12   387.15   237.11   387.20 l
  236.12   387.15   236.13   387.14 l
  236.13   387.14   236.41   387.07 l
  236.13   387.14   236.18   387.12 l
  233.32   388.12   235.00   387.47 l
  212.99   394.67   206.86   395.45 l
  206.86   395.45   231.15   387.53 l
  206.86   395.45   198.94   394.31 l
  198.94   394.31   194.43   390.45 l
  194.43   390.45   256.65   395.84 l
  256.65   395.84   261.43   396.16 l
  261.43   396.16   261.49   396.16 l
  261.43   396.16   261.55   396.16 l
  256.65   395.84   260.56   396.13 l
  260.56   396.13   260.55   396.14 l
  260.56   396.13   260.56   396.13 l
  260.56   396.13   260.56   396.13 l
  260.56   396.13   260.56   396.14 l
  194.43   390.45   189.45   385.44 l
  189.45   385.44   207.92   416.53 l
  207.92   416.53   210.33   421.25 l
  207.92   416.53   211.06   421.33 l
  211.06   421.33   211.05   421.32 l
  211.06   421.33   211.05   421.33 l
  189.45   385.44   185.32   380.41 l
  185.32   380.41   207.71   388.69 l
  207.71   388.69   215.18   392.55 l
  215.18   392.55   218.07   394.05 l
  215.18   392.55   216.98   393.43 l
  216.98   393.43   218.70   394.32 l
  216.98   393.43   219.44   394.67 l
  207.71   388.69   219.05   393.09 l
  219.05   393.09   230.66   398.35 l
  219.05   393.09   227.09   396.26 l
  227.09   396.26   227.92   396.63 l
  227.09   396.26   227.95   396.59 l
  185.32   380.41   182.32   375.62 l
  182.32   375.62   173.46   375.86 l
  173.46   375.86   172.90   382.95 l
  172.90   382.95   160.07   309.92 l
  172.90   382.95   165.21   397.09 l
  165.21   397.09   167.17   393.47 l
  167.17   393.47   177.60   374.18 l
  167.17   393.47   170.70   386.66 l
  170.70   386.66   199.43   332.69 l
  170.70   386.66   194.80   339.00 l
  165.21   397.09   160.91   395.42 l
  160.91   395.42   178.80   398.39 l
  178.80   398.39   181.12   398.55 l
  178.80   398.39   181.32   398.79 l
  160.91   395.42   163.58   392.43 l
  163.58   392.43   160.28   405.71 l
  160.28   405.71   158.78   412.35 l
  160.28   405.71   156.95   419.29 l
  163.58   392.43   166.63   392.23 l
  166.63   392.23   160.35   368.94 l
  160.35   368.94   158.72   362.95 l
  160.35   368.94   158.75   363.21 l
  166.63   392.23   166.32   398.73 l
  166.32   398.73   151.14   406.06 l
  151.14   406.06   136.73   407.28 l
  151.14   406.06   137.21   413.76 l
  166.32   398.73   167.25   403.93 l
  167.25   403.93   163.46   408.15 l
  163.46   408.15   148.15   422.77 l
  163.46   408.15   159.92   412.36 l
  159.92   412.36   149.62   423.49 l
  159.92   412.36   149.56   428.80 l
  149.56   428.80   147.85   429.14 l
  149.56   428.80   148.62   430.16 l
  148.62   430.16   148.41   430.22 l
  148.62   430.16   148.59   430.21 l
  167.25   403.93   169.03   408.08 l
  169.03   408.08   167.80   411.82 l
  167.80   411.82   161.68   428.42 l
  167.80   411.82   162.52   431.74 l
  169.03   408.08   170.60   410.88 l
  170.60   410.88   164.34   431.04 l
  170.60   410.88   171.13   411.77 l
  171.13   411.77   170.67   416.84 l
  170.67   416.84   163.26   440.84 l
  170.67   416.84   170.31   422.39 l
  170.31   422.39   161.67   459.92 l
  170.31   422.39   170.17   430.23 l
  170.17   430.23   168.15   445.95 l
  170.17   430.23   171.61   436.84 l
  171.61   436.84   172.47   463.81 l
  171.61   436.84   177.75   450.91 l
  171.13   411.77   173.46   416.21 l
  173.46   416.21   178.81   440.38 l
  173.46   416.21   175.43   419.99 l
  175.43   419.99   179.30   434.10 l
  175.43   419.99   176.01   421.10 l
  176.01   421.10   180.89   433.14 l
  180.89   433.14   180.95   435.80 l
  180.89   433.14   183.19   439.24 l
  176.01   421.10   182.41   432.29 l
  182.41   432.29   183.27   434.83 l
  182.41   432.29   183.53   434.10 l
  183.53   434.10   183.96   435.79 l
  183.53   434.10   183.85   434.75 l
  173.46   375.86   174.10   364.34 l
  174.10   364.34   153.05   256.83 l
  153.05   256.83   153.07   256.77 l
  153.05   256.83   153.05   256.82 l
  174.10   364.34   179.83   371.43 l
  179.83   371.43   195.58   349.57 l
  195.58   349.57   195.59   349.56 l
  195.59   349.56   263.50   324.92 l
  195.59   349.56   297.77   282.30 l
  297.77   282.30   297.77   282.30 l
  297.77   282.30   297.10   281.14 l
  297.10   281.14   319.79   265.02 l
  297.10   281.14   296.99   280.56 l
  195.58   349.57   236.83   295.12 l
  236.83   295.12   248.68   283.62 l
  236.83   295.12   234.15   283.53 l
  234.15   283.53   239.19   275.60 l
  234.15   283.53   228.69   268.24 l
  179.83   371.43   175.01   373.46 l
  175.01   373.46    47.91   342.99 l
  175.01   373.46   147.16   370.02 l
  147.16   370.02   117.66   332.39 l
  117.66   332.39   115.31   327.66 l
  117.66   332.39   113.92   330.45 l
  147.16   370.02   136.79   361.13 l
  136.79   361.13   130.58   353.52 l
  130.58   353.52   126.85   349.45 l
  126.85   349.45   115.53   338.91 l
  115.53   338.91   109.04   332.29 l
  115.53   338.91   107.77   332.02 l
  126.85   349.45   123.00   344.18 l
  123.00   344.18   117.66   335.73 l
  117.66   335.73   103.79   317.35 l
  117.66   335.73   100.82   309.62 l
  123.00   344.18   108.00   328.56 l
  130.58   353.52   126.65   349.25 l
  126.65   349.25    99.86   324.11 l
  126.65   349.25   110.20   333.38 l
  110.20   333.38   109.57   332.56 l
  110.20   333.38   109.78   332.92 l
  136.79   361.13   128.49   339.90 l
  128.49   339.90   132.40   309.94 l
  132.40   309.94   132.40   309.94 l
  132.40   309.94   132.40   309.94 l
  128.49   339.90   127.10   333.77 l
  127.10   333.77   130.58   310.18 l
  130.58   310.18   130.58   310.06 l
  130.58   310.18   130.58   310.09 l
  130.58   310.09   130.32   309.76 l
  130.58   310.09   130.59   310.09 l
  127.10   333.77   122.43   325.04 l
  122.43   325.04   125.08   293.38 l
  125.08   293.38   125.07   293.39 l
  125.08   293.38   125.07   293.38 l
  122.43   325.04   120.49   319.86 l
  120.49   319.86   109.57   279.40 l
  120.49   319.86   101.95   298.20 l
  101.95   298.20   100.80   293.88 l
  101.95   298.20    98.78   297.18 l
  182.32   375.62   177.19   363.70 l
  177.19   363.70   169.12   361.17 l
  169.12   361.17   164.10   360.31 l
  164.10   360.31   146.32   346.37 l
  146.32   346.37   143.13   343.60 l
  143.13   343.60   137.00   336.76 l
  137.00   336.76   131.02   329.07 l
  137.00   336.76   132.83   331.70 l
  132.83   331.70   132.77   331.62 l
  132.83   331.70   131.85   330.53 l
  143.13   343.60   139.99   340.91 l
  139.99   340.91   135.55   336.35 l
  135.55   336.35   132.07   332.20 l
  132.07   332.20   129.25   329.12 l
  132.07   332.20   130.19   330.07 l
  135.55   336.35   131.07   331.65 l
  131.07   331.65   130.98   331.54 l
  131.07   331.65   130.94   331.50 l
  139.99   340.91   137.67   338.90 l
  137.67   338.90   123.80   324.47 l
  137.67   338.90   136.13   337.55 l
  136.13   337.55   133.04   334.87 l
  133.04   334.87   129.77   331.41 l
  129.77   331.41   129.46   331.10 l
  129.46   331.10   129.37   330.98 l
  129.46   331.10   129.35   330.98 l
  129.77   331.41   129.11   330.79 l
  133.04   334.87   127.21   329.49 l
  127.21   329.49   126.90   329.40 l
  127.21   329.49   127.23   329.48 l
  127.23   329.48   127.31   329.26 l
  127.23   329.48   127.22   329.48 l
  127.22   329.48   127.22   329.49 l
  127.22   329.49   127.69   329.73 l
  127.22   329.49   127.22   329.48 l
  127.22   329.48   127.36   329.37 l
  127.22   329.48   127.22   329.48 l
  127.22   329.48   128.36   329.02 l
  127.22   329.48   127.23   329.47 l
  127.23   329.47   127.32   329.53 l
  127.23   329.47   127.23   329.48 l
  127.23   329.48   127.28   329.46 l
  127.23   329.48   127.23   329.48 l
  127.23   329.48   127.24   329.49 l
  127.23   329.48   127.24   329.48 l
  127.22   329.48   127.23   329.48 l
  136.13   337.55   133.07   335.01 l
  133.07   335.01   127.18   329.77 l
  127.18   329.77   127.08   329.71 l
  127.18   329.77   127.17   329.77 l
  133.07   335.01   132.59   334.62 l
  132.59   334.62   130.22   332.58 l
  130.22   332.58   127.88   330.51 l
  130.22   332.58   127.54   330.27 l
  132.59   334.62   123.66   327.16 l
  123.66   327.16   123.04   326.57 l
  123.66   327.16   123.23   326.79 l
  146.32   346.37   124.12   329.39 l
  124.12   329.39   124.13   329.38 l
  124.12   329.39   124.12   329.38 l
  124.12   329.38   124.12   329.10 l
  124.12   329.38   124.11   329.38 l
  124.11   329.38   124.11   329.39 l
  124.11   329.38   124.12   329.38 l
  124.12   329.38   125.60   329.83 l
  124.12   329.38   124.11   329.38 l
  164.10   360.31   157.39   359.25 l
  157.39   359.25   155.35   358.86 l
  155.35   358.86   151.61   355.56 l
  151.61   355.56   148.32   352.67 l
  148.32   352.67   133.47   339.47 l
  148.32   352.67   134.52   340.61 l
  134.52   340.61   132.52   338.82 l
  134.52   340.61   132.33   338.70 l
  151.61   355.56   146.38   351.05 l
  146.38   351.05   127.75   333.50 l
  127.75   333.50   112.00   318.75 l
  127.75   333.50   123.66   329.78 l
  123.66   329.78   123.46   329.61 l
  123.66   329.78   123.59   329.72 l
  146.38   351.05   143.50   348.68 l
  143.50   348.68   131.06   337.64 l
  143.50   348.68   139.28   345.32 l
  139.28   345.32   122.82   330.90 l
  139.28   345.32   128.33   336.43 l
  128.33   336.43   126.75   334.97 l
  126.75   334.97   125.98   334.25 l
  125.98   334.25   125.98   334.25 l
  125.98   334.25   125.77   334.08 l
  126.75   334.97   126.43   334.69 l
  128.33   336.43   124.90   333.67 l
  124.90   333.67   124.13   332.96 l
  124.13   332.96   123.97   332.80 l
  123.97   332.80   123.97   332.79 l
  123.97   332.80   123.69   332.52 l
  124.13   332.96   124.09   332.93 l
  124.09   332.93   123.83   332.72 l
  124.09   332.93   124.05   332.90 l
  124.90   333.67   124.12   333.02 l
  155.35   358.86   152.89   358.38 l
  152.89   358.38   123.87   339.06 l
  123.87   339.06   123.88   339.06 l
  123.87   339.06   123.83   339.03 l
  152.89   358.38   147.30   357.11 l
  147.30   357.11   144.58   356.55 l
  144.58   356.55   130.19   345.03 l
  130.19   345.03   127.40   342.79 l
  127.40   342.79   127.40   342.78 l
  127.40   342.79   127.40   342.79 l
  127.40   342.79   127.41   342.79 l
  127.40   342.79   127.41   342.79 l
  130.19   345.03   126.72   342.32 l
  126.72   342.32   126.57   342.24 l
  126.72   342.32   126.72   342.31 l
  144.58   356.55   141.76   355.98 l
  141.76   355.98   129.74   352.80 l
  129.74   352.80   128.06   342.89 l
  128.06   342.89   128.07   342.89 l
  128.06   342.89   128.07   342.89 l
  129.74   352.80   120.14   350.47 l
  120.14   350.47   120.18   350.44 l
  120.18   350.44   134.81   337.88 l
  120.18   350.44   120.22   350.40 l
  120.14   350.47   120.13   350.47 l
  120.13   350.47   120.03   350.50 l
  120.13   350.47   120.14   350.47 l
  120.14   350.47   120.36   350.65 l
  120.14   350.47   120.14   350.47 l
  141.76   355.98   135.35   354.71 l
  135.35   354.71   123.31   352.01 l
  123.31   352.01   123.43   351.69 l
  123.43   351.69   123.45   351.58 l
  123.43   351.69   123.43   351.70 l
  123.31   352.01   123.18   352.00 l
  123.18   352.00   123.41   351.82 l
  123.18   352.00   123.19   351.99 l
  123.19   351.99   123.19   351.99 l
  123.19   351.99   123.19   351.98 l
  123.19   351.98   123.19   351.98 l
  123.19   351.98   123.19   351.98 l
  135.35   354.71   132.00   354.02 l
  132.00   354.02   122.45   351.89 l
  122.45   351.89   122.04   351.79 l
  122.45   351.89   122.14   351.83 l
  122.14   351.83   122.14   351.83 l
  122.14   351.83   122.14   351.83 l
  132.00   354.02   127.10   353.21 l
  127.10   353.21   123.26   352.49 l
  123.26   352.49   119.68   351.12 l
  123.26   352.49   119.82   351.56 l
  127.10   353.21   119.04   351.81 l
  147.30   357.11   141.12   355.77 l
  141.12   355.77   134.00   354.23 l
  134.00   354.23   127.85   352.88 l
  134.00   354.23   128.86   353.13 l
  141.12   355.77   138.59   355.22 l
  138.59   355.22   128.44   353.01 l
  138.59   355.22   131.45   353.67 l
  157.39   359.25   151.72   358.48 l
  151.72   358.48   140.97   356.37 l
  140.97   356.37   136.50   355.47 l
  140.97   356.37   138.68   355.97 l
  151.72   358.48   142.04   357.40 l
  142.04   357.40   138.03   356.80 l
  138.03   356.80   124.23   354.12 l
  138.03   356.80   128.39   356.07 l
  128.39   356.07   113.88   355.25 l
  128.39   356.07   123.05   357.87 l
  123.05   357.87   123.04   357.87 l
  123.05   357.87   123.03   357.92 l
  123.03   357.92   122.87   357.97 l
  123.03   357.92   123.03   357.92 l
  123.03   357.92   123.02   357.86 l
  123.03   357.92   123.03   357.91 l
  142.04   357.40   126.50   358.16 l
  126.50   358.16   125.99   358.43 l
  126.50   358.16   126.50   358.15 l
  126.50   358.15   126.50   358.16 l
  126.50   358.15   126.50   358.16 l
  169.12   361.17   176.13   362.54 l
  176.13   362.54   158.15   357.60 l
  158.15   357.60   163.94   359.24 l
  163.94   359.24   156.45   354.44 l
  156.45   354.44   134.08   349.11 l
  156.45   354.44   162.81   356.61 l
  162.81   356.61   166.20   356.23 l
  166.20   356.23   317.53   349.70 l
  317.53   349.70   315.24   353.25 l
  317.53   349.70   317.53   349.70 l
  317.53   349.70   316.78   349.48 l
  317.53   349.70   317.03   349.55 l
  166.20   356.23   172.12   355.69 l
  172.12   355.69   173.81   355.54 l
  173.81   355.54   179.58   355.21 l
  179.58   355.21   185.87   354.85 l
  179.58   355.21   186.80   354.41 l
  186.80   354.41   186.80   354.41 l
  186.80   354.41   187.03   354.38 l
  173.81   355.54   182.71   354.64 l
  172.12   355.69   176.65   355.15 l
  176.65   355.15   176.85   355.13 l
  176.85   355.13   176.91   355.12 l
  176.85   355.13   176.85   355.12 l
  176.65   355.15   176.74   355.13 l
  162.81   356.61   157.63   357.55 l
  157.63   357.55   159.89   357.91 l
  159.89   357.91   162.58   354.73 l
  162.58   354.73   164.27   352.72 l
  164.27   352.72   174.85   341.24 l
  174.85   341.24   174.88   341.21 l
  174.88   341.21   174.98   341.35 l
  174.88   341.21   174.87   341.21 l
  174.85   341.24   174.97   341.09 l
  164.27   352.72   165.83   350.84 l
  165.83   350.84   172.04   343.98 l
  172.04   343.98   172.07   343.94 l
  172.04   343.98   172.08   343.93 l
  165.83   350.84   167.65   348.62 l
  167.65   348.62   173.98   341.65 l
  167.65   348.62   173.18   341.89 l
  173.18   341.89   174.88   339.74 l
  173.18   341.89   173.20   341.87 l
  162.58   354.73   164.84   351.85 l
  164.84   351.85   168.91   346.74 l
  168.91   346.74   172.08   343.02 l
  168.91   346.74   172.47   342.12 l
  172.47   342.12   176.24   338.09 l
  176.24   338.09   176.29   338.11 l
  176.24   338.09   176.24   338.08 l
  172.47   342.12   173.20   341.20 l
  173.20   341.20   174.09   340.01 l
  174.09   340.01   174.30   340.11 l
  174.09   340.01   174.09   340.01 l
  173.20   341.20   173.61   340.66 l
  164.84   351.85   169.46   345.84 l
  169.46   345.84   173.32   340.88 l
  173.32   340.88   173.32   340.88 l
  173.32   340.88   173.32   340.88 l
  169.46   345.84   171.88   342.69 l
  159.89   357.91   156.77   357.30 l
  156.77   357.30   161.23   365.07 l
  161.23   365.07   160.16   363.88 l
  160.16   363.88   162.30   364.08 l
  160.16   363.88   160.19   363.13 l
  160.19   363.13   159.61   363.16 l
  159.61   363.16   152.84   361.16 l
  152.84   361.16   152.61   361.16 l
  152.84   361.16   152.85   361.16 l
  152.85   361.16   152.91   361.06 l
  152.91   361.06   152.98   360.98 l
  152.91   361.06   152.90   361.06 l
  152.90   361.06   152.90   361.05 l
  152.90   361.06   152.91   361.06 l
  152.91   361.06   152.91   361.05 l
  152.91   361.06   152.91   361.06 l
  152.91   361.06   152.91   361.06 l
  152.91   361.06   152.92   361.07 l
  152.92   361.07   152.92   361.06 l
  152.92   361.07   152.93   361.06 l
  152.85   361.16   152.84   361.16 l
  152.84   361.16   152.79   361.19 l
  152.84   361.16   152.85   361.16 l
  152.85   361.16   152.91   361.00 l
  152.85   361.16   152.85   361.17 l
  152.85   361.17   152.97   361.29 l
  152.85   361.17   152.85   361.16 l
  152.85   361.16   152.80   361.13 l
  152.85   361.16   152.89   361.24 l
  152.89   361.24   153.01   361.36 l
  152.89   361.24   152.80   361.23 l
  152.80   361.23   152.91   361.24 l
  152.80   361.23   152.80   361.22 l
  152.80   361.22   152.84   360.82 l
  152.80   361.22   152.86   361.24 l
  152.86   361.24   152.96   361.29 l
  152.96   361.29   152.96   361.30 l
  152.96   361.29   152.91   361.31 l
  152.91   361.31   152.85   361.33 l
  152.85   361.33   151.91   359.41 l
  151.91   359.41   150.35   356.00 l
  150.35   356.00   150.35   356.00 l
  150.35   356.00   150.35   356.01 l
  151.91   359.41   149.68   354.95 l
  149.68   354.95   149.79   354.96 l
  149.68   354.95   149.68   354.95 l
  152.85   361.33   152.75   361.29 l
  152.75   361.29   152.69   361.30 l
  152.69   361.30   152.30   361.24 l
  152.69   361.30   152.69   361.30 l
  152.69   361.30   152.63   361.31 l
  152.69   361.30   152.64   361.33 l
  152.75   361.29   152.75   361.28 l
  152.91   361.31   152.91   361.30 l
  152.91   361.30   152.91   361.27 l
  152.91   361.27   152.91   361.27 l
  152.91   361.27   152.92   361.27 l
  152.91   361.27   152.92   361.26 l
  152.91   361.27   152.92   361.25 l
  152.91   361.30   152.91   361.31 l
  152.91   361.31   152.82   361.20 l
  152.82   361.20   152.69   361.03 l
  152.82   361.20   152.61   360.95 l
  152.91   361.31   152.91   361.30 l
  152.91   361.30   152.85   361.29 l
  152.91   361.30   152.91   361.31 l
  152.91   361.31   153.08   361.46 l
  152.91   361.31   152.90   361.31 l
  152.90   361.31   152.91   361.31 l
  152.90   361.31   152.91   361.31 l
  152.91   361.31   152.96   361.14 l
  152.91   361.31   152.91   361.31 l
  152.91   361.31   152.72   361.18 l
  152.91   361.31   152.91   361.31 l
  152.86   361.24   152.86   361.23 l
  159.61   363.16   159.37   363.18 l
  159.37   363.18   159.37   363.17 l
  159.37   363.18   159.15   363.25 l
  160.19   363.13   160.18   363.56 l
  160.18   363.56   160.25   363.77 l
  160.18   363.56   160.19   363.44 l
  160.19   363.44   160.13   363.22 l
  160.19   363.44   160.19   363.56 l
  160.19   363.56   162.77   365.90 l
  162.77   365.90   169.52   386.48 l
  162.77   365.90   163.68   367.15 l
  163.68   367.15   165.83   370.65 l
  163.68   367.15   163.69   367.16 l
  163.69   367.16   166.37   371.15 l
  163.69   367.16   163.94   367.49 l
  160.19   363.56   160.19   363.55 l
  160.19   363.55   160.24   363.58 l
  160.19   363.55   160.19   363.55 l
  160.19   363.55   160.19   363.55 l
  160.19   363.55   160.27   363.41 l
  160.19   363.55   160.18   363.56 l
  160.19   363.55   160.19   363.55 l
  160.19   363.55   159.96   363.60 l
  160.19   363.55   160.19   363.55 l
  160.19   363.55   160.19   363.55 l
  160.19   363.55   160.34   363.45 l
  160.19   363.55   160.19   363.55 l
  160.19   363.55   160.20   363.55 l
  160.19   363.55   160.19   363.55 l
  160.19   363.55   160.39   363.90 l
  160.19   363.55   160.20   363.54 l
  160.20   363.54   160.23   363.50 l
  160.23   363.50   160.41   363.27 l
  160.23   363.50   160.44   363.22 l
  160.20   363.54   160.03   363.66 l
  160.03   363.66   160.05   363.61 l
  160.03   363.66   160.02   363.66 l
  160.02   363.66   159.98   363.62 l
  160.02   363.66   160.03   363.66 l
  160.03   363.66   160.26   363.63 l
  160.03   363.66   160.02   363.66 l
  160.02   363.66   163.20   362.90 l
  160.02   363.66   160.04   363.57 l
  160.04   363.57   160.03   363.58 l
  160.03   363.58   160.03   363.57 l
  160.03   363.58   160.04   363.57 l
  160.04   363.57   160.03   363.57 l
  160.04   363.57   160.03   363.58 l
  160.03   363.58   160.14   363.63 l
  160.14   363.63   160.37   363.64 l
  160.14   363.63   160.14   363.63 l
  160.03   363.58   160.03   363.57 l
  160.03   363.57   160.03   363.56 l
  160.03   363.56   160.03   363.56 l
  160.03   363.56   160.03   363.56 l
  160.03   363.56   160.03   363.79 l
  160.03   363.56   160.03   363.56 l
  160.03   363.56   159.85   364.12 l
  160.03   363.56   160.03   363.56 l
  160.03   363.56   160.25   363.63 l
  160.03   363.56   160.03   363.55 l
  160.03   363.55   160.03   363.55 l
  160.03   363.55   160.04   363.55 l
  160.04   363.55   160.19   363.62 l
  160.04   363.55   160.05   363.55 l
  160.03   363.55   160.04   363.56 l
  160.03   363.55   160.02   363.55 l
  160.03   363.57   160.03   363.58 l
  160.04   363.57   160.03   363.57 l
  160.19   363.55   160.19   363.56 l
  160.19   363.56   160.19   363.56 l
  160.19   363.56   160.19   363.55 l
  160.19   363.55   159.70   362.19 l
  160.19   363.55   160.19   363.56 l
  161.23   365.07   161.19   366.77 l
  161.19   366.77   157.62   367.80 l
  157.62   367.80   157.45   367.83 l
  157.62   367.80   157.39   367.97 l
  161.19   366.77   161.25   367.70 l
  161.25   367.70   160.92   367.69 l
  160.92   367.69   160.57   367.63 l
  160.92   367.69   160.86   367.68 l
  160.86   367.68   160.86   367.69 l
  160.86   367.68   160.87   367.69 l
  161.25   367.70   161.21   368.37 l
  161.21   368.37   161.21   368.31 l
  161.21   368.31   161.20   368.25 l
  161.21   368.31   161.20   368.31 l
  161.20   368.31   161.21   368.31 l
  161.20   368.31   161.20   368.30 l
  161.20   368.30   161.20   368.31 l
  161.20   368.30   161.20   368.31 l
  161.20   368.31   161.21   368.31 l
  161.20   368.31   161.20   368.30 l
  161.20   368.30   161.20   368.30 l
  161.20   368.30   161.20   368.31 l
  161.20   368.31   161.14   368.33 l
  161.20   368.31   161.20   368.32 l
  161.20   368.32   161.14   368.32 l
  161.20   368.32   161.19   368.31 l
  161.19   368.31   161.20   368.31 l
  161.20   368.31   161.20   368.32 l
  161.20   368.31   161.20   368.31 l
  161.20   368.31   161.34   368.56 l
  161.20   368.31   161.21   368.31 l
  161.21   368.31   162.71   369.05 l
  162.71   369.05   162.99   369.19 l
  162.71   369.05   164.53   369.95 l
  161.21   368.31   161.26   368.32 l
  161.26   368.32   161.31   368.29 l
  161.26   368.32   161.27   368.32 l
  161.19   368.31   161.19   368.32 l
  161.21   368.37   161.21   368.37 l
  161.21   368.37   161.21   368.38 l
  161.21   368.38   161.22   368.50 l
  161.21   368.38   161.20   368.38 l
  161.20   368.38   161.21   368.26 l
  161.20   368.38   161.20   368.38 l
  161.21   368.37   161.20   368.37 l
  156.77   357.30   158.27   352.54 l
  158.27   352.54   161.58   342.54 l
  161.58   342.54   163.19   335.97 l
  161.58   342.54   162.37   338.76 l
  162.37   338.76   162.37   338.76 l
  162.37   338.76   162.38   338.76 l
  162.38   338.76   162.40   338.81 l
  162.38   338.76   162.37   338.76 l
  162.37   338.76   162.32   338.86 l
  162.32   338.86   162.32   338.86 l
  162.32   338.86   162.31   338.87 l
  162.31   338.87   162.31   338.86 l
  162.31   338.86   162.23   338.59 l
  162.31   338.86   162.28   338.81 l
  162.28   338.81   162.28   338.82 l
  162.28   338.81   162.22   338.71 l
  162.31   338.87   162.31   338.87 l
  162.31   338.87   162.26   338.83 l
  162.31   338.87   162.30   338.88 l
  162.30   338.88   162.30   338.87 l
  162.30   338.88   162.30   338.87 l
  162.30   338.87   162.21   338.66 l
  162.30   338.87   162.30   338.87 l
  162.37   338.76   162.38   338.76 l
  158.27   352.54   158.76   345.57 l
  158.76   345.57   161.63   334.55 l
  158.76   345.57   159.27   340.98 l
  159.27   340.98   159.57   340.16 l
  159.27   340.98   159.34   340.34 l
  159.34   340.34   159.42   340.49 l
  159.34   340.34   159.34   340.34 l
  159.34   340.34   159.35   340.34 l
  159.34   340.34   159.34   340.35 l
  159.34   340.35   159.34   340.34 l
  159.34   340.35   159.34   340.34 l
  159.34   340.34   159.30   340.23 l
  159.34   340.34   159.34   340.35 l
  159.34   340.35   159.29   340.37 l
  159.29   340.37   159.29   340.38 l
  159.29   340.37   159.29   340.37 l
  159.34   340.35   159.33   340.35 l
  159.33   340.35   159.33   340.36 l
  159.33   340.35   159.33   340.34 l
  159.33   340.34   159.33   340.34 l
  159.33   340.34   159.34   340.34 l
  159.34   340.34   159.51   340.35 l
  159.34   340.34   159.34   340.34 l
  157.63   357.55   148.57   355.35 l
  148.57   355.35   144.54   354.73 l
  144.54   354.73   143.35   354.65 l
  143.35   354.65   143.26   354.43 l
  143.26   354.43   143.25   354.37 l
  143.26   354.43   143.24   354.38 l
  143.24   354.38   143.14   354.11 l
  143.24   354.38   143.20   354.27 l
  143.35   354.65   143.36   354.66 l
  144.54   354.73   143.33   354.29 l
  143.33   354.29   143.04   354.47 l
  143.33   354.29   143.33   354.30 l
  143.33   354.30   143.34   354.29 l
  143.33   354.30   143.33   354.30 l
  148.57   355.35   143.99   354.54 l
  143.99   354.54   143.95   354.58 l
  143.95   354.58   143.95   354.57 l
  143.95   354.58   143.90   354.61 l
  143.99   354.54   144.00   354.55 l
  144.00   354.55   143.99   354.55 l
  144.00   354.55   143.99   354.55 l
  163.94   359.24   167.07   362.03 l
  167.07   362.03   176.64   373.12 l
  176.64   373.12   176.64   373.12 l
  176.64   373.12   176.97   373.49 l
  167.07   362.03   171.38   365.77 l
  171.38   365.77   175.34   370.76 l
  175.34   370.76   177.97   374.38 l
  177.97   374.38   178.20   374.70 l
  178.20   374.70   180.45   377.77 l
  180.45   377.77   184.29   383.44 l
  180.45   377.77   180.74   378.15 l
  180.74   378.15   180.87   378.31 l
  180.87   378.31   180.86   378.32 l
  180.86   378.32   180.86   378.37 l
  180.86   378.32   180.86   378.32 l
  180.87   378.31   181.07   378.56 l
  180.74   378.15   180.82   378.25 l
  180.82   378.25   181.02   378.50 l
  180.82   378.25   180.85   378.29 l
  178.20   374.70   179.54   376.48 l
  179.54   376.48   182.67   380.68 l
  179.54   376.48   179.65   376.64 l
  177.97   374.38   178.48   375.09 l
  178.48   375.09   178.54   375.17 l
  178.48   375.09   178.55   375.18 l
  175.34   370.76   177.05   373.02 l
  177.05   373.02   177.10   373.00 l
  177.05   373.02   177.00   373.00 l
  177.00   373.00   177.00   373.01 l
  177.00   373.00   177.01   373.00 l
  177.01   373.00   177.00   373.05 l
  177.00   373.05   177.00   373.05 l
  177.00   373.05   177.00   373.05 l
  177.01   373.00   177.01   372.99 l
  177.01   372.99   177.01   372.99 l
  177.01   372.99   177.01   373.00 l
  177.01   373.00   176.92   372.57 l
  177.01   373.00   177.00   373.01 l
  177.00   373.01   176.95   373.00 l
  177.00   373.01   177.01   373.00 l
  171.38   365.77   174.47   368.40 l
  174.47   368.40   177.54   372.35 l
  177.54   372.35   181.50   378.97 l
  177.54   372.35   177.67   372.51 l
  177.67   372.51   177.98   372.89 l
  177.98   372.89   178.08   373.08 l
  177.98   372.89   177.97   372.89 l
  177.67   372.51   177.70   372.55 l
  174.47   368.40   175.27   369.07 l
  175.27   369.07   176.97   372.36 l
  175.27   369.07   175.36   369.15 l
  175.36   369.15   175.35   369.16 l
  175.36   369.15   175.36   369.16 l
  175.36   369.16   175.38   369.21 l
  175.36   369.16   175.35   369.16 l
  158.15   357.60   139.23   352.26 l
  176.13   362.54   211.33   389.32 l
  177.19   363.70   176.90   359.95 l
  176.90   359.95   190.20   356.45 l
  190.20   356.45   232.32   350.49 l
  232.32   350.49   232.38   350.48 l
  232.32   350.49   233.61   349.80 l
  190.20   356.45   221.02   349.84 l
  176.90   359.95   176.20   351.86 l
  176.20   351.86   209.32   322.47 l
  209.32   322.47   209.33   322.46 l
  209.32   322.47   209.41   322.40 l
  209.41   322.40   209.41   322.39 l
  209.41   322.40   209.41   322.39 l
  176.20   351.86   175.13   340.44 l
  175.13   340.44   194.20   328.09 l
  194.20   328.09   201.47   323.94 l
  194.20   328.09   203.15   322.11 l
  203.15   322.11   203.21   322.08 l
  203.15   322.11   203.20   322.08 l
  175.13   340.44   174.73   338.13 l
  174.73   338.13   183.73   324.65 l
  183.73   324.65   187.24   319.97 l
  183.73   324.65   184.63   323.19 l
  184.63   323.19   188.17   318.21 l
  184.63   323.19   185.55   321.66 l
  185.55   321.66   187.35   318.98 l
  185.55   321.66   186.76   319.56 l
  174.73   338.13   174.12   335.04 l
  174.12   335.04   190.06   308.45 l
  174.12   335.04   173.46   330.87 l
  173.46   330.87   175.32   326.66 l
  175.32   326.66   189.07   311.57 l
  189.07   311.57   189.06   311.56 l
  189.07   311.57   189.07   311.56 l
  175.32   326.66   176.37   324.01 l
  176.37   324.01   190.25   307.17 l
  176.37   324.01   178.19   319.36 l
  178.19   319.36   184.59   308.12 l
  184.59   308.12   192.58   300.87 l
  184.59   308.12   186.38   305.14 l
  186.38   305.14   191.48   298.58 l
  186.38   305.14   190.87   288.71 l
  190.87   288.71   190.87   288.71 l
  190.87   288.71   190.76   288.75 l
  190.87   288.71   190.87   288.71 l
  190.87   288.71   190.87   288.71 l
  178.19   319.36   181.55   311.89 l
  181.55   311.89   186.77   302.58 l
  181.55   311.89   184.86   304.98 l
  173.46   330.87   172.93   328.46 l
  172.93   328.46   184.22   303.32 l
  172.93   328.46   171.16   321.27 l
  171.16   321.27   182.96   306.65 l
  171.16   321.27   170.64   317.67 l
  170.64   317.67   177.01   310.54 l
  177.01   310.54   181.49   305.78 l
  177.01   310.54   181.37   304.92 l
  170.64   317.67   172.53   303.69 l
  172.53   303.69   170.35   302.92 l
  172.53   303.69   172.42   304.66 l
  172.42   304.66   172.33   303.84 l
  172.33   303.84   172.12   304.07 l
  172.12   304.07   171.62   294.35 l
  172.12   304.07   172.12   304.07 l
  172.33   303.84   172.53   303.77 l
  172.53   303.77   172.79   304.17 l
  172.53   303.77   172.58   303.88 l
  172.58   303.88   172.93   303.66 l
  172.93   303.66   175.77   302.20 l
  172.93   303.66   173.24   303.48 l
  172.58   303.88   172.59   303.87 l
  172.42   304.66   172.01   304.74 l
  172.01   304.74   171.95   304.75 l
  171.95   304.75   171.95   304.76 l
  171.95   304.75   171.96   304.76 l
  171.96   304.76   171.95   304.75 l
  171.96   304.76   171.95   304.76 l
  172.01   304.74   171.84   304.79 l
  198.94   394.31   204.50   395.98 l
  204.50   395.98   210.05   400.40 l
  210.05   400.40   213.02   410.74 l
  213.02   410.74   213.35   425.12 l
  213.02   410.74   217.65   434.61 l
  210.05   400.40   213.77   404.30 l
  213.77   404.30   278.25   474.75 l
  278.25   474.75   258.68   508.26 l
  278.25   474.75   294.63   501.69 l
  213.77   404.30   227.60   415.24 l
  227.60   415.24   227.59   415.24 l
  227.60   415.24   227.59   415.24 l
  204.50   395.98   216.08   401.42 l
  216.08   401.42   228.34   412.96 l
  228.34   412.96   228.33   412.97 l
  228.34   412.96   228.33   412.97 l
  216.08   401.42   221.07   403.53 l
  221.07   403.53   237.68   417.99 l
  221.07   403.53   232.17   408.23 l
  232.17   408.23   234.92   412.94 l
  232.17   408.23   232.27   408.26 l
  232.27   408.26   232.26   408.27 l
  232.27   408.26   232.27   408.27 l
  232.27   408.27   232.27   408.27 l
  232.27   408.27   232.28   408.27 l
  232.28   408.27   232.28   408.45 l
  232.28   408.27   232.28   408.28 l
  232.28   408.28   232.28   408.34 l
  232.28   408.28   232.27   408.28 l
  232.27   408.28   232.27   408.29 l
  232.27   408.28   232.27   408.29 l
  218.42   396.16   238.15   403.16 l
  238.15   403.16   241.91   406.64 l
  238.15   403.16   246.01   407.83 l
  246.01   407.83   246.01   407.82 l
  246.01   407.83   246.01   407.83 l
  246.01   407.83   246.02   407.83 l
  246.01   407.83   246.02   407.84 l
  246.02   407.84   246.01   407.84 l
  246.01   407.84   246.07   407.62 l
  246.01   407.84   246.01   407.85 l
  246.02   407.84   246.01   407.84 l
  246.01   407.84   246.02   407.84 l
  246.01   407.84   246.01   407.84 l
  413.86   407.28   415.18   412.15 l
  415.18   412.15   416.59   431.96 l
  416.59   431.96   408.23   448.48 l
  416.59   431.96   425.13   442.25 l
  425.13   442.25   419.35   460.11 l
  425.13   442.25   428.74   448.64 l
  415.18   412.15   445.01   398.60 l
  445.01   398.60   502.50   435.55 l
  502.50   435.55   514.18   462.32 l
  502.50   435.55   536.92   416.48 l
  445.01   398.60   452.81   383.65 l
  452.81   383.65   462.60   377.21 l
  452.81   383.65   453.76   370.61 l
  413.92   403.18   414.28   386.37 l
  413.92   403.18   414.02   389.12 l
 stroke    0.01 setlinewidth 
1 setlinecap 1 setlinejoin 
gsave
/Times-Roman findfont 0.264127 scalefont setfont
233.128268 394.900294 translate 0.000000 rotate
0 0 moveto
(mb11.5381) show
grestore
gsave
/Times-Roman findfont 0.264127 scalefont setfont
269.448481 384.843890 translate 0.000000 rotate
0 0 moveto
(a24.4580) show
grestore
gsave
/Times-Roman findfont 0.264127 scalefont setfont
250.944532 388.292001 translate 0.000000 rotate
0 0 moveto
(fig|91061.) show
grestore
gsave
/Times-Roman findfont 0.264127 scalefont setfont
250.985979 388.291707 translate 0.000000 rotate
0 0 moveto
(d12.4331) show
grestore
gsave
/Times-Roman findfont 0.264127 scalefont setfont
236.566750 387.415441 translate 0.000000 rotate
0 0 moveto
(Cry4Cc1) show
grestore
gsave
/Times-Roman findfont 0.264127 scalefont setfont
236.624629 387.311739 translate 0.000000 rotate
0 0 moveto
(Cry4Ca2) show
grestore
gsave
/Times-Roman findfont 0.264127 scalefont setfont
236.812063 387.126238 translate 0.000000 rotate
0 0 moveto
(Cry4Ca1) show
grestore
gsave
/Times-Roman findfont 0.264127 scalefont setfont
237.198321 387.142930 translate 0.000000 rotate
0 0 moveto
(Cry4Cb1) show
grestore
gsave
/Times-Roman findfont 0.264127 scalefont setfont
236.502217 386.844552 translate 0.000000 rotate
0 0 moveto
(Cry4Cb2) show
grestore
gsave
/Times-Roman findfont 0.264127 scalefont setfont
235.699489 386.861342 translate 0.000000 rotate
0 0 moveto
(Cry4Cb3) show
grestore
gsave
/Times-Roman findfont 0.264127 scalefont setfont
234.398036 387.205849 translate 0.000000 rotate
0 0 moveto
(mb11.5423) show
grestore
gsave
/Times-Roman findfont 0.264127 scalefont setfont
230.547433 387.264631 translate 0.000000 rotate
0 0 moveto
(mb11.5841) show
grestore
gsave
/Times-Roman findfont 0.264127 scalefont setfont
261.577776 396.084232 translate 0.000000 rotate
0 0 moveto
(Cry48Ab2) show
grestore
gsave
/Times-Roman findfont 0.264127 scalefont setfont
261.639576 396.103712 translate 0.000000 rotate
0 0 moveto
(Cry48Ab1) show
grestore
gsave
/Times-Roman findfont 0.264127 scalefont setfont
260.001303 396.224166 translate 0.000000 rotate
0 0 moveto
(Cry48Aa2) show
grestore
gsave
/Times-Roman findfont 0.264127 scalefont setfont
260.005789 396.222142 translate 0.000000 rotate
0 0 moveto
(Cry48Aa1) show
grestore
gsave
/Times-Roman findfont 0.264127 scalefont setfont
260.006171 396.224137 translate 0.000000 rotate
0 0 moveto
(Cry48Aa3) show
grestore
gsave
/Times-Roman findfont 0.264127 scalefont setfont
209.767771 421.336308 translate 0.000000 rotate
0 0 moveto
(Cry69Ab1) show
grestore
gsave
/Times-Roman findfont 0.264127 scalefont setfont
210.502878 421.411965 translate 0.000000 rotate
0 0 moveto
(Cry69Aa2) show
grestore
gsave
/Times-Roman findfont 0.264127 scalefont setfont
210.502185 421.412688 translate 0.000000 rotate
0 0 moveto
(Cry69Aa1) show
grestore
gsave
/Times-Roman findfont 0.264127 scalefont setfont
217.519207 394.140230 translate 0.000000 rotate
0 0 moveto
(Cry43Cb1) show
grestore
gsave
/Times-Roman findfont 0.264127 scalefont setfont
218.155507 394.408817 translate 0.000000 rotate
0 0 moveto
(Cry43Cc1) show
grestore
gsave
/Times-Roman findfont 0.264127 scalefont setfont
218.901686 394.756145 translate 0.000000 rotate
0 0 moveto
(Cry43Ca1) show
grestore
gsave
/Times-Roman findfont 0.264127 scalefont setfont
230.112771 398.438324 translate 0.000000 rotate
0 0 moveto
(Cry43Ba1) show
grestore
gsave
/Times-Roman findfont 0.264127 scalefont setfont
227.370587 396.714576 translate 0.000000 rotate
0 0 moveto
(Cry43Aa2) show
grestore
gsave
/Times-Roman findfont 0.264127 scalefont setfont
227.399749 396.678249 translate 0.000000 rotate
0 0 moveto
(Cry43Aa1) show
grestore
gsave
/Times-Roman findfont 0.264127 scalefont setfont
159.520414 309.653521 translate 0.000000 rotate
0 0 moveto
(Cry67Aa2) show
grestore
gsave
/Times-Roman findfont 0.264127 scalefont setfont
177.070884 373.915387 translate 0.000000 rotate
0 0 moveto
(Cry32Pa1) show
grestore
gsave
/Times-Roman findfont 0.264127 scalefont setfont
199.013293 332.425542 translate 0.000000 rotate
0 0 moveto
(s1.1363) show
grestore
gsave
/Times-Roman findfont 0.264127 scalefont setfont
194.404750 338.739599 translate 0.000000 rotate
0 0 moveto
(j1.1117) show
grestore
gsave
/Times-Roman findfont 0.264127 scalefont setfont
181.212316 398.507395 translate 0.000000 rotate
0 0 moveto
(Cry32Mb1) show
grestore
gsave
/Times-Roman findfont 0.264127 scalefont setfont
181.408807 398.805589 translate 0.000000 rotate
0 0 moveto
(Cry32Ma1) show
grestore
gsave
/Times-Roman findfont 0.264127 scalefont setfont
158.226439 412.437958 translate 0.000000 rotate
0 0 moveto
(Cry32Ua1) show
grestore
gsave
/Times-Roman findfont 0.264127 scalefont setfont
156.401044 419.381794 translate 0.000000 rotate
0 0 moveto
(Cry32Da1) show
grestore
gsave
/Times-Roman findfont 0.264127 scalefont setfont
158.171319 362.688117 translate 0.000000 rotate
0 0 moveto
(Cry32Cb1) show
grestore
gsave
/Times-Roman findfont 0.264127 scalefont setfont
158.203064 362.948884 translate 0.000000 rotate
0 0 moveto
(Cry32Ca1) show
grestore
gsave
/Times-Roman findfont 0.264127 scalefont setfont
135.571400 407.248059 translate 0.000000 rotate
0 0 moveto
(Cry32La1) show
grestore
gsave
/Times-Roman findfont 0.264127 scalefont setfont
136.662676 413.847633 translate 0.000000 rotate
0 0 moveto
(Cry32Ba1) show
grestore
gsave
/Times-Roman findfont 0.264127 scalefont setfont
147.600721 422.860989 translate 0.000000 rotate
0 0 moveto
(Cry32Ga1) show
grestore
gsave
/Times-Roman findfont 0.264127 scalefont setfont
149.092285 423.574938 translate 0.000000 rotate
0 0 moveto
(Cry32Fa1) show
grestore
gsave
/Times-Roman findfont 0.264127 scalefont setfont
146.643201 429.184808 translate 0.000000 rotate
0 0 moveto
(Cry32Ab1) show
grestore
gsave
/Times-Roman findfont 0.264127 scalefont setfont
147.220953 430.296239 translate 0.000000 rotate
0 0 moveto
(Cry32Aa1) show
grestore
gsave
/Times-Roman findfont 0.264127 scalefont setfont
148.042966 430.295626 translate 0.000000 rotate
0 0 moveto
(Cry32Aa2) show
grestore
gsave
/Times-Roman findfont 0.264127 scalefont setfont
161.128837 428.507660 translate 0.000000 rotate
0 0 moveto
(Cry32Qa1) show
grestore
gsave
/Times-Roman findfont 0.264127 scalefont setfont
162.010401 431.829168 translate 0.000000 rotate
0 0 moveto
(Cry32Ja1) show
grestore
gsave
/Times-Roman findfont 0.264127 scalefont setfont
163.795989 431.123015 translate 0.000000 rotate
0 0 moveto
(Cry32Ra1) show
grestore
gsave
/Times-Roman findfont 0.264127 scalefont setfont
162.708250 440.923970 translate 0.000000 rotate
0 0 moveto
(Cry32Ka1) show
grestore
gsave
/Times-Roman findfont 0.264127 scalefont setfont
161.124442 460.003170 translate 0.000000 rotate
0 0 moveto
(Cry32Ya1) show
grestore
gsave
/Times-Roman findfont 0.264127 scalefont setfont
167.613594 446.037866 translate 0.000000 rotate
0 0 moveto
(Cry32Ta1) show
grestore
gsave
/Times-Roman findfont 0.264127 scalefont setfont
171.940192 463.893964 translate 0.000000 rotate
0 0 moveto
(Cry32Sa1) show
grestore
gsave
/Times-Roman findfont 0.264127 scalefont setfont
177.252967 450.994537 translate 0.000000 rotate
0 0 moveto
(Cry32Ia1) show
grestore
gsave
/Times-Roman findfont 0.264127 scalefont setfont
178.263505 440.469959 translate 0.000000 rotate
0 0 moveto
(Cry32Na1) show
grestore
gsave
/Times-Roman findfont 0.264127 scalefont setfont
178.751477 434.186317 translate 0.000000 rotate
0 0 moveto
(Cry32Oa1) show
grestore
gsave
/Times-Roman findfont 0.264127 scalefont setfont
180.396957 435.886812 translate 0.000000 rotate
0 0 moveto
(Cry32Hb1) show
grestore
gsave
/Times-Roman findfont 0.264127 scalefont setfont
182.642063 439.328774 translate 0.000000 rotate
0 0 moveto
(Cry32Ha1) show
grestore
gsave
/Times-Roman findfont 0.264127 scalefont setfont
182.730747 434.917736 translate 0.000000 rotate
0 0 moveto
(Cry32Eb1) show
grestore
gsave
/Times-Roman findfont 0.264127 scalefont setfont
183.422957 435.875768 translate 0.000000 rotate
0 0 moveto
(Cry32Ea2) show
grestore
gsave
/Times-Roman findfont 0.264127 scalefont setfont
183.317816 434.839433 translate 0.000000 rotate
0 0 moveto
(Cry32Ea1) show
grestore
gsave
/Times-Roman findfont 0.264127 scalefont setfont
152.521375 256.509526 translate 0.000000 rotate
0 0 moveto
(Cry65Aa1) show
grestore
gsave
/Times-Roman findfont 0.264127 scalefont setfont
152.501532 256.560100 translate 0.000000 rotate
0 0 moveto
(Cry65Aa2) show
grestore
gsave
/Times-Roman findfont 0.264127 scalefont setfont
262.901362 324.660437 translate 0.000000 rotate
0 0 moveto
(my46.6361) show
grestore
gsave
/Times-Roman findfont 0.264127 scalefont setfont
297.857305 282.046986 translate 0.000000 rotate
0 0 moveto
(d12.3619) show
grestore
gsave
/Times-Roman findfont 0.264127 scalefont setfont
319.298500 264.757155 translate 0.000000 rotate
0 0 moveto
(d12.3383) show
grestore
gsave
/Times-Roman findfont 0.264127 scalefont setfont
296.388110 280.297285 translate 0.000000 rotate
0 0 moveto
(mb11.4214) show
grestore
gsave
/Times-Roman findfont 0.264127 scalefont setfont
248.077766 283.362286 translate 0.000000 rotate
0 0 moveto
(mb11.6194) show
grestore
gsave
/Times-Roman findfont 0.264127 scalefont setfont
238.595673 275.335747 translate 0.000000 rotate
0 0 moveto
(mb11.5914) show
grestore
gsave
/Times-Roman findfont 0.264127 scalefont setfont
228.205874 267.975631 translate 0.000000 rotate
0 0 moveto
(a24.3205) show
grestore
gsave
/Times-Roman findfont 0.264127 scalefont setfont
46.835919 342.765663 translate 0.000000 rotate
0 0 moveto
(d12.3393) show
grestore
gsave
/Times-Roman findfont 0.264127 scalefont setfont
114.748626 327.394868 translate 0.000000 rotate
0 0 moveto
(Cry14Ab1) show
grestore
gsave
/Times-Roman findfont 0.264127 scalefont setfont
113.369517 330.183745 translate 0.000000 rotate
0 0 moveto
(Cry14Aa1) show
grestore
gsave
/Times-Roman findfont 0.264127 scalefont setfont
108.493344 332.026611 translate 0.000000 rotate
0 0 moveto
(Cry21Aa3) show
grestore
gsave
/Times-Roman findfont 0.264127 scalefont setfont
107.222731 331.760223 translate 0.000000 rotate
0 0 moveto
(Cry21Ba1) show
grestore
gsave
/Times-Roman findfont 0.264127 scalefont setfont
103.242078 317.087239 translate 0.000000 rotate
0 0 moveto
(Cry21Ha1) show
grestore
gsave
/Times-Roman findfont 0.264127 scalefont setfont
100.273392 309.357350 translate 0.000000 rotate
0 0 moveto
(Cry21Ga1) show
grestore
gsave
/Times-Roman findfont 0.264127 scalefont setfont
107.475173 328.294683 translate 0.000000 rotate
0 0 moveto
(Cry21Fa1) show
grestore
gsave
/Times-Roman findfont 0.264127 scalefont setfont
99.305679 323.849100 translate 0.000000 rotate
0 0 moveto
(Cry21Da1) show
grestore
gsave
/Times-Roman findfont 0.264127 scalefont setfont
109.032016 332.295260 translate 0.000000 rotate
0 0 moveto
(Cry21Ca2) show
grestore
gsave
/Times-Roman findfont 0.264127 scalefont setfont
109.241405 332.657317 translate 0.000000 rotate
0 0 moveto
(Cry21Ca1) show
grestore
gsave
/Times-Roman findfont 0.264127 scalefont setfont
131.924950 309.674211 translate 0.000000 rotate
0 0 moveto
(Cry5Ca1) show
grestore
gsave
/Times-Roman findfont 0.264127 scalefont setfont
131.927654 309.677020 translate 0.000000 rotate
0 0 moveto
(Cry5Ca2) show
grestore
gsave
/Times-Roman findfont 0.264127 scalefont setfont
130.105605 309.793094 translate 0.000000 rotate
0 0 moveto
(Cry5Ba1) show
grestore
gsave
/Times-Roman findfont 0.264127 scalefont setfont
129.838843 309.497784 translate 0.000000 rotate
0 0 moveto
(Cry5Ba3) show
grestore
gsave
/Times-Roman findfont 0.264127 scalefont setfont
130.113685 309.829699 translate 0.000000 rotate
0 0 moveto
(Cry5Ba2) show
grestore
gsave
/Times-Roman findfont 0.264127 scalefont setfont
124.590104 293.476333 translate 0.000000 rotate
0 0 moveto
(Cry5Da1) show
grestore
gsave
/Times-Roman findfont 0.264127 scalefont setfont
124.588176 293.464348 translate 0.000000 rotate
0 0 moveto
(Cry5Da2) show
grestore
gsave
/Times-Roman findfont 0.264127 scalefont setfont
109.020981 279.142525 translate 0.000000 rotate
0 0 moveto
(Cry12Aa1) show
grestore
gsave
/Times-Roman findfont 0.264127 scalefont setfont
100.319420 293.615023 translate 0.000000 rotate
0 0 moveto
(Cry5Aa1) show
grestore
gsave
/Times-Roman findfont 0.264127 scalefont setfont
98.285839 296.918036 translate 0.000000 rotate
0 0 moveto
(Cry5Ab1) show
grestore
gsave
/Times-Roman findfont 0.264127 scalefont setfont
130.531425 328.806083 translate 0.000000 rotate
0 0 moveto
(Cry9Bb1) show
grestore
gsave
/Times-Roman findfont 0.264127 scalefont setfont
132.288316 331.355833 translate 0.000000 rotate
0 0 moveto
(Cry9Ba2) show
grestore
gsave
/Times-Roman findfont 0.264127 scalefont setfont
131.368245 330.269005 translate 0.000000 rotate
0 0 moveto
(Cry9Ba1) show
grestore
gsave
/Times-Roman findfont 0.264127 scalefont setfont
128.766840 328.856777 translate 0.000000 rotate
0 0 moveto
(Cry9Dc1) show
grestore
gsave
/Times-Roman findfont 0.264127 scalefont setfont
129.696921 329.812493 translate 0.000000 rotate
0 0 moveto
(Cry9Db1) show
grestore
gsave
/Times-Roman findfont 0.264127 scalefont setfont
130.492050 331.281076 translate 0.000000 rotate
0 0 moveto
(Cry9Da4) show
grestore
gsave
/Times-Roman findfont 0.264127 scalefont setfont
130.451057 331.239299 translate 0.000000 rotate
0 0 moveto
(Cry9Da1) show
grestore
gsave
/Times-Roman findfont 0.264127 scalefont setfont
123.339895 324.209139 translate 0.000000 rotate
0 0 moveto
(Cry9Fa1) show
grestore
gsave
/Times-Roman findfont 0.264127 scalefont setfont
128.890897 330.722462 translate 0.000000 rotate
0 0 moveto
(Cry9Eb3) show
grestore
gsave
/Times-Roman findfont 0.264127 scalefont setfont
128.871917 330.719461 translate 0.000000 rotate
0 0 moveto
(Cry9Eb2) show
grestore
gsave
/Times-Roman findfont 0.264127 scalefont setfont
128.633367 330.528560 translate 0.000000 rotate
0 0 moveto
(Cry9Eb1) show
grestore
gsave
/Times-Roman findfont 0.264127 scalefont setfont
125.871121 329.151439 translate 0.000000 rotate
0 0 moveto
(Cry9Ea5) show
grestore
gsave
/Times-Roman findfont 0.264127 scalefont setfont
126.772194 328.997189 translate 0.000000 rotate
0 0 moveto
(Cry9Ea10) show
grestore
gsave
/Times-Roman findfont 0.264127 scalefont setfont
127.217532 329.816742 translate 0.000000 rotate
0 0 moveto
(Cry9Ea8) show
grestore
gsave
/Times-Roman findfont 0.264127 scalefont setfont
126.889764 329.110813 translate 0.000000 rotate
0 0 moveto
(Cry9Ea6) show
grestore
gsave
/Times-Roman findfont 0.264127 scalefont setfont
127.893003 328.755585 translate 0.000000 rotate
0 0 moveto
(Cry9Ea7) show
grestore
gsave
/Times-Roman findfont 0.264127 scalefont setfont
126.854502 329.618608 translate 0.000000 rotate
0 0 moveto
(Cry9Ea4) show
grestore
gsave
/Times-Roman findfont 0.264127 scalefont setfont
127.372071 329.199077 translate 0.000000 rotate
0 0 moveto
(Cry9Ea3) show
grestore
gsave
/Times-Roman findfont 0.264127 scalefont setfont
126.768095 329.573803 translate 0.000000 rotate
0 0 moveto
(Cry9Ea1) show
grestore
gsave
/Times-Roman findfont 0.264127 scalefont setfont
126.769416 329.568906 translate 0.000000 rotate
0 0 moveto
(Cry9Ea2) show
grestore
gsave
/Times-Roman findfont 0.264127 scalefont setfont
126.761179 329.571823 translate 0.000000 rotate
0 0 moveto
(Cry9Ea9) show
grestore
gsave
/Times-Roman findfont 0.264127 scalefont setfont
126.608921 329.450404 translate 0.000000 rotate
0 0 moveto
(Cry9Ee2) show
grestore
gsave
/Times-Roman findfont 0.264127 scalefont setfont
126.704978 329.503698 translate 0.000000 rotate
0 0 moveto
(Cry9Ee1) show
grestore
gsave
/Times-Roman findfont 0.264127 scalefont setfont
127.403271 330.244977 translate 0.000000 rotate
0 0 moveto
(Cry9Ed1) show
grestore
gsave
/Times-Roman findfont 0.264127 scalefont setfont
127.036917 330.011327 translate 0.000000 rotate
0 0 moveto
(Cry9-like) show
grestore
gsave
/Times-Roman findfont 0.264127 scalefont setfont
122.563555 326.304425 translate 0.000000 rotate
0 0 moveto
(Cry9Ca2) show
grestore
gsave
/Times-Roman findfont 0.264127 scalefont setfont
122.753638 326.529127 translate 0.000000 rotate
0 0 moveto
(Cry9Ca1) show
grestore
gsave
/Times-Roman findfont 0.264127 scalefont setfont
123.645872 329.120426 translate 0.000000 rotate
0 0 moveto
(Cry9Aa1) show
grestore
gsave
/Times-Roman findfont 0.264127 scalefont setfont
123.637055 328.833280 translate 0.000000 rotate
0 0 moveto
(Cry9Aa5) show
grestore
gsave
/Times-Roman findfont 0.264127 scalefont setfont
123.626083 329.473171 translate 0.000000 rotate
0 0 moveto
(Cry9Aa2) show
grestore
gsave
/Times-Roman findfont 0.264127 scalefont setfont
125.692135 329.913765 translate 0.000000 rotate
0 0 moveto
(Cry9Aa4) show
grestore
gsave
/Times-Roman findfont 0.264127 scalefont setfont
124.201713 329.273738 translate 0.000000 rotate
0 0 moveto
(Cry9Da3) show
grestore
gsave
/Times-Roman findfont 0.264127 scalefont setfont
132.992193 339.210881 translate 0.000000 rotate
0 0 moveto
(Cry8Ra1) show
grestore
gsave
/Times-Roman findfont 0.264127 scalefont setfont
132.029570 338.556936 translate 0.000000 rotate
0 0 moveto
(Cry8Hb1) show
grestore
gsave
/Times-Roman findfont 0.264127 scalefont setfont
131.843935 338.435224 translate 0.000000 rotate
0 0 moveto
(Cry8Ha1) show
grestore
gsave
/Times-Roman findfont 0.264127 scalefont setfont
111.602073 318.492513 translate 0.000000 rotate
0 0 moveto
(j1.2780) show
grestore
gsave
/Times-Roman findfont 0.264127 scalefont setfont
122.993813 329.351607 translate 0.000000 rotate
0 0 moveto
(Cry8La1) show
grestore
gsave
/Times-Roman findfont 0.264127 scalefont setfont
123.187651 329.461708 translate 0.000000 rotate
0 0 moveto
(j1.2337) show
grestore
gsave
/Times-Roman findfont 0.264127 scalefont setfont
130.594217 337.373890 translate 0.000000 rotate
0 0 moveto
(Cry8Ta1) show
grestore
gsave
/Times-Roman findfont 0.264127 scalefont setfont
122.358536 330.640580 translate 0.000000 rotate
0 0 moveto
(Cry8Sa1) show
grestore
gsave
/Times-Roman findfont 0.264127 scalefont setfont
125.539032 333.983349 translate 0.000000 rotate
0 0 moveto
(Cry8Ib2) show
grestore
gsave
/Times-Roman findfont 0.264127 scalefont setfont
125.329754 333.814801 translate 0.000000 rotate
0 0 moveto
(Cry8Ib1) show
grestore
gsave
/Times-Roman findfont 0.264127 scalefont setfont
125.993357 334.429803 translate 0.000000 rotate
0 0 moveto
(Cry8Ib3) show
grestore
gsave
/Times-Roman findfont 0.264127 scalefont setfont
123.539304 332.528675 translate 0.000000 rotate
0 0 moveto
(Cry8Ia4) show
grestore
gsave
/Times-Roman findfont 0.264127 scalefont setfont
123.261899 332.259352 translate 0.000000 rotate
0 0 moveto
(Cry8Ia3) show
grestore
gsave
/Times-Roman findfont 0.264127 scalefont setfont
123.401210 332.454442 translate 0.000000 rotate
0 0 moveto
(Cry8Ia2) show
grestore
gsave
/Times-Roman findfont 0.264127 scalefont setfont
123.614492 332.633186 translate 0.000000 rotate
0 0 moveto
(Cry8Ia1) show
grestore
gsave
/Times-Roman findfont 0.264127 scalefont setfont
123.718492 332.759416 translate 0.000000 rotate
0 0 moveto
(j1.2309) show
grestore
gsave
/Times-Roman findfont 0.264127 scalefont setfont
123.369362 338.794319 translate 0.000000 rotate
0 0 moveto
(Cry8Ma3) show
grestore
gsave
/Times-Roman findfont 0.264127 scalefont setfont
123.324803 338.769011 translate 0.000000 rotate
0 0 moveto
(Cry8Ma2) show
grestore
gsave
/Times-Roman findfont 0.264127 scalefont setfont
126.906061 342.516796 translate 0.000000 rotate
0 0 moveto
(Cry8Kb1) show
grestore
gsave
/Times-Roman findfont 0.264127 scalefont setfont
126.943238 342.876762 translate 0.000000 rotate
0 0 moveto
(Cry8Pa3) show
grestore
gsave
/Times-Roman findfont 0.264127 scalefont setfont
126.914634 342.879189 translate 0.000000 rotate
0 0 moveto
(Cry8Kb2) show
grestore
gsave
/Times-Roman findfont 0.264127 scalefont setfont
126.082478 341.977351 translate 0.000000 rotate
0 0 moveto
(Cry8Ka3) show
grestore
gsave
/Times-Roman findfont 0.264127 scalefont setfont
126.235516 342.047527 translate 0.000000 rotate
0 0 moveto
(Cry8Ka2) show
grestore
gsave
/Times-Roman findfont 0.264127 scalefont setfont
127.584636 342.625995 translate 0.000000 rotate
0 0 moveto
(Cry8Qa2) show
grestore
gsave
/Times-Roman findfont 0.264127 scalefont setfont
127.585168 342.629742 translate 0.000000 rotate
0 0 moveto
(Cry8Qa1) show
grestore
gsave
/Times-Roman findfont 0.264127 scalefont setfont
134.305102 337.613722 translate 0.000000 rotate
0 0 moveto
(Cry8-like) show
grestore
gsave
/Times-Roman findfont 0.264127 scalefont setfont
119.758898 350.135623 translate 0.000000 rotate
0 0 moveto
(Cry8Fa4) show
grestore
gsave
/Times-Roman findfont 0.264127 scalefont setfont
119.563614 350.590718 translate 0.000000 rotate
0 0 moveto
(Cry8Fa2) show
grestore
gsave
/Times-Roman findfont 0.264127 scalefont setfont
119.897682 350.735051 translate 0.000000 rotate
0 0 moveto
(Cry8Fa3) show
grestore
gsave
/Times-Roman findfont 0.264127 scalefont setfont
119.679832 350.556138 translate 0.000000 rotate
0 0 moveto
(Cry8Fa1) show
grestore
gsave
/Times-Roman findfont 0.264127 scalefont setfont
122.983734 351.315782 translate 0.000000 rotate
0 0 moveto
(Cry8Ea6) show
grestore
gsave
/Times-Roman findfont 0.264127 scalefont setfont
122.961429 351.434856 translate 0.000000 rotate
0 0 moveto
(Cry8Ea2) show
grestore
gsave
/Times-Roman findfont 0.264127 scalefont setfont
122.943724 351.560595 translate 0.000000 rotate
0 0 moveto
(Cry8Ea4) show
grestore
gsave
/Times-Roman findfont 0.264127 scalefont setfont
122.722140 351.729285 translate 0.000000 rotate
0 0 moveto
(Cry8Ea3) show
grestore
gsave
/Times-Roman findfont 0.264127 scalefont setfont
122.716299 352.064261 translate 0.000000 rotate
0 0 moveto
(Cry8Ea5) show
grestore
gsave
/Times-Roman findfont 0.264127 scalefont setfont
122.724701 351.720162 translate 0.000000 rotate
0 0 moveto
(Cry8Ea1) show
grestore
gsave
/Times-Roman findfont 0.264127 scalefont setfont
121.030774 351.567721 translate 0.000000 rotate
0 0 moveto
(Cry8Pa1) show
grestore
gsave
/Times-Roman findfont 0.264127 scalefont setfont
121.124015 351.741495 translate 0.000000 rotate
0 0 moveto
(Cry8Pa3) show
grestore
gsave
/Times-Roman findfont 0.264127 scalefont setfont
121.124668 351.674779 translate 0.000000 rotate
0 0 moveto
(Cry8Pa2) show
grestore
gsave
/Times-Roman findfont 0.264127 scalefont setfont
119.202211 350.859854 translate 0.000000 rotate
0 0 moveto
(Cry8Bc1) show
grestore
gsave
/Times-Roman findfont 0.264127 scalefont setfont
118.761166 351.322563 translate 0.000000 rotate
0 0 moveto
(Cry8Bb1) show
grestore
gsave
/Times-Roman findfont 0.264127 scalefont setfont
117.999729 351.620223 translate 0.000000 rotate
0 0 moveto
(Cry8Ba1) show
grestore
gsave
/Times-Roman findfont 0.264127 scalefont setfont
126.795621 352.665113 translate 0.000000 rotate
0 0 moveto
(Cry8Ac1) show
grestore
gsave
/Times-Roman findfont 0.264127 scalefont setfont
127.788151 352.917307 translate 0.000000 rotate
0 0 moveto
(Cry8Ab1) show
grestore
gsave
/Times-Roman findfont 0.264127 scalefont setfont
127.366135 352.800489 translate 0.000000 rotate
0 0 moveto
(Cry8Ad1) show
grestore
gsave
/Times-Roman findfont 0.264127 scalefont setfont
130.395624 353.459032 translate 0.000000 rotate
0 0 moveto
(Cry8Aa1) show
grestore
gsave
/Times-Roman findfont 0.264127 scalefont setfont
135.428757 355.265098 translate 0.000000 rotate
0 0 moveto
(Cry8Db1) show
grestore
gsave
/Times-Roman findfont 0.264127 scalefont setfont
137.628115 355.783734 translate 0.000000 rotate
0 0 moveto
(Cry8Da1) show
grestore
gsave
/Times-Roman findfont 0.264127 scalefont setfont
123.170243 353.919535 translate 0.000000 rotate
0 0 moveto
(Cry8Na1) show
grestore
gsave
/Times-Roman findfont 0.264127 scalefont setfont
112.912706 355.136536 translate 0.000000 rotate
0 0 moveto
(Cry8Ja1) show
grestore
gsave
/Times-Roman findfont 0.264127 scalefont setfont
122.001888 357.713781 translate 0.000000 rotate
0 0 moveto
(Cry8Ca2) show
grestore
gsave
/Times-Roman findfont 0.264127 scalefont setfont
122.392087 358.060991 translate 0.000000 rotate
0 0 moveto
(Cry8Ca3) show
grestore
gsave
/Times-Roman findfont 0.264127 scalefont setfont
122.547726 357.599040 translate 0.000000 rotate
0 0 moveto
(Cry8Ca4) show
grestore
gsave
/Times-Roman findfont 0.264127 scalefont setfont
122.552411 357.650787 translate 0.000000 rotate
0 0 moveto
(Cry8Ca1) show
grestore
gsave
/Times-Roman findfont 0.264127 scalefont setfont
125.502065 358.518638 translate 0.000000 rotate
0 0 moveto
(Cry8Ga1) show
grestore
gsave
/Times-Roman findfont 0.264127 scalefont setfont
126.014358 357.895102 translate 0.000000 rotate
0 0 moveto
(Cry8Ga3) show
grestore
gsave
/Times-Roman findfont 0.264127 scalefont setfont
126.013884 357.894852 translate 0.000000 rotate
0 0 moveto
(Cry8Ga2) show
grestore
gsave
/Times-Roman findfont 0.264127 scalefont setfont
133.025212 348.891375 translate 0.000000 rotate
0 0 moveto
(Cry9Ga1) show
grestore
gsave
/Times-Roman findfont 0.264127 scalefont setfont
314.643765 353.335650 translate 0.000000 rotate
0 0 moveto
(my46.2963) show
grestore
gsave
/Times-Roman findfont 0.264127 scalefont setfont
316.182270 349.214217 translate 0.000000 rotate
0 0 moveto
(mb11.3442) show
grestore
gsave
/Times-Roman findfont 0.264127 scalefont setfont
316.138048 349.318965 translate 0.000000 rotate
0 0 moveto
(j1.2396) show
grestore
gsave
/Times-Roman findfont 0.264127 scalefont setfont
185.956707 354.728547 translate 0.000000 rotate
0 0 moveto
(Cry1Jd1) show
grestore
gsave
/Times-Roman findfont 0.264127 scalefont setfont
186.886303 354.278620 translate 0.000000 rotate
0 0 moveto
(Cry1Jc2) show
grestore
gsave
/Times-Roman findfont 0.264127 scalefont setfont
187.120894 354.228363 translate 0.000000 rotate
0 0 moveto
(Cry1Jc1) show
grestore
gsave
/Times-Roman findfont 0.264127 scalefont setfont
182.800075 354.502334 translate 0.000000 rotate
0 0 moveto
(Cry1Jb1) show
grestore
gsave
/Times-Roman findfont 0.264127 scalefont setfont
176.997856 354.973980 translate 0.000000 rotate
0 0 moveto
(Cry1Ja3) show
grestore
gsave
/Times-Roman findfont 0.264127 scalefont setfont
176.936064 354.965846 translate 0.000000 rotate
0 0 moveto
(Cry1Ja2) show
grestore
gsave
/Times-Roman findfont 0.264127 scalefont setfont
176.830826 354.976705 translate 0.000000 rotate
0 0 moveto
(Cry1Ja1) show
grestore
gsave
/Times-Roman findfont 0.264127 scalefont setfont
174.510751 341.436241 translate 0.000000 rotate
0 0 moveto
(Cry1La3) show
grestore
gsave
/Times-Roman findfont 0.264127 scalefont setfont
174.957479 341.128157 translate 0.000000 rotate
0 0 moveto
(Cry1La2) show
grestore
gsave
/Times-Roman findfont 0.264127 scalefont setfont
174.500320 340.831149 translate 0.000000 rotate
0 0 moveto
(Cry1La1) show
grestore
gsave
/Times-Roman findfont 0.264127 scalefont setfont
171.581958 343.679037 translate 0.000000 rotate
0 0 moveto
(Cry1Gb2) show
grestore
gsave
/Times-Roman findfont 0.264127 scalefont setfont
171.587877 343.667964 translate 0.000000 rotate
0 0 moveto
(Cry1Gb1) show
grestore
gsave
/Times-Roman findfont 0.264127 scalefont setfont
173.494265 341.388304 translate 0.000000 rotate
0 0 moveto
(Cry1Gc1) show
grestore
gsave
/Times-Roman findfont 0.264127 scalefont setfont
174.399458 339.478723 translate 0.000000 rotate
0 0 moveto
(Cry1Ga2) show
grestore
gsave
/Times-Roman findfont 0.264127 scalefont setfont
172.712279 341.609701 translate 0.000000 rotate
0 0 moveto
(Cry1Ga1) show
grestore
gsave
/Times-Roman findfont 0.264127 scalefont setfont
171.590914 342.762218 translate 0.000000 rotate
0 0 moveto
(Cry1Dc1) show
grestore
gsave
/Times-Roman findfont 0.264127 scalefont setfont
175.800870 338.201471 translate 0.000000 rotate
0 0 moveto
(Cry1Db2) show
grestore
gsave
/Times-Roman findfont 0.264127 scalefont setfont
176.323119 337.877376 translate 0.000000 rotate
0 0 moveto
(Cry1Db1) show
grestore
gsave
/Times-Roman findfont 0.264127 scalefont setfont
173.818484 340.196523 translate 0.000000 rotate
0 0 moveto
(Cry1Da4) show
grestore
gsave
/Times-Roman findfont 0.264127 scalefont setfont
174.174152 339.775789 translate 0.000000 rotate
0 0 moveto
(Cry1Da3) show
grestore
gsave
/Times-Roman findfont 0.264127 scalefont setfont
173.129147 340.394923 translate 0.000000 rotate
0 0 moveto
(Cry1Da1) show
grestore
gsave
/Times-Roman findfont 0.264127 scalefont setfont
173.405558 340.875245 translate 0.000000 rotate
0 0 moveto
(Cry1Hb2) show
grestore
gsave
/Times-Roman findfont 0.264127 scalefont setfont
172.825491 340.618720 translate 0.000000 rotate
0 0 moveto
(Cry1Hb1) show
grestore
gsave
/Times-Roman findfont 0.264127 scalefont setfont
171.398180 342.430143 translate 0.000000 rotate
0 0 moveto
(Cry1Ha1) show
grestore
gsave
/Times-Roman findfont 0.264127 scalefont setfont
162.388147 364.042004 translate 0.000000 rotate
0 0 moveto
(Cry1Ae1) show
grestore
gsave
/Times-Roman findfont 0.264127 scalefont setfont
151.425503 361.050807 translate 0.000000 rotate
0 0 moveto
(Cry1Ac28) show
grestore
gsave
/Times-Roman findfont 0.264127 scalefont setfont
152.429324 360.714584 translate 0.000000 rotate
0 0 moveto
(Cry1Ac15) show
grestore
gsave
/Times-Roman findfont 0.264127 scalefont setfont
152.417659 361.138960 translate 0.000000 rotate
0 0 moveto
(Cry1Ac1) show
grestore
gsave
/Times-Roman findfont 0.264127 scalefont setfont
152.996752 360.954365 translate 0.000000 rotate
0 0 moveto
(Cry1Ac10) show
grestore
gsave
/Times-Roman findfont 0.264127 scalefont setfont
152.424060 360.802040 translate 0.000000 rotate
0 0 moveto
(Cry1Ac9) show
grestore
gsave
/Times-Roman findfont 0.264127 scalefont setfont
152.434280 360.797238 translate 0.000000 rotate
0 0 moveto
(Cry1Ac8) show
grestore
gsave
/Times-Roman findfont 0.264127 scalefont setfont
152.441277 361.147828 translate 0.000000 rotate
0 0 moveto
(Cry1Ac7) show
grestore
gsave
/Times-Roman findfont 0.264127 scalefont setfont
152.240480 361.276924 translate 0.000000 rotate
0 0 moveto
(Cry1Ac30) show
grestore
gsave
/Times-Roman findfont 0.264127 scalefont setfont
152.363492 360.740118 translate 0.000000 rotate
0 0 moveto
(Cry1Ac39) show
grestore
gsave
/Times-Roman findfont 0.264127 scalefont setfont
152.422949 361.373656 translate 0.000000 rotate
0 0 moveto
(Cry1Ac22) show
grestore
gsave
/Times-Roman findfont 0.264127 scalefont setfont
152.246528 360.870810 translate 0.000000 rotate
0 0 moveto
(Cry1Ac16) show
grestore
gsave
/Times-Roman findfont 0.264127 scalefont setfont
152.459226 361.446107 translate 0.000000 rotate
0 0 moveto
(Cry1Ac31) show
grestore
gsave
/Times-Roman findfont 0.264127 scalefont setfont
153.002346 361.245470 translate 0.000000 rotate
0 0 moveto
(Cry1Ac19) show
grestore
gsave
/Times-Roman findfont 0.264127 scalefont setfont
152.288254 360.558337 translate 0.000000 rotate
0 0 moveto
(Cry1Ac38) show
grestore
gsave
/Times-Roman findfont 0.264127 scalefont setfont
152.412859 361.383111 translate 0.000000 rotate
0 0 moveto
(Cry1Ac11) show
grestore
gsave
/Times-Roman findfont 0.264127 scalefont setfont
149.342331 355.970776 translate 0.000000 rotate
0 0 moveto
(Cry1Ai2) show
grestore
gsave
/Times-Roman findfont 0.264127 scalefont setfont
149.891212 355.746583 translate 0.000000 rotate
0 0 moveto
(Cry1Ai1) show
grestore
gsave
/Times-Roman findfont 0.264127 scalefont setfont
149.882114 354.917790 translate 0.000000 rotate
0 0 moveto
(Cry1Ah3) show
grestore
gsave
/Times-Roman findfont 0.264127 scalefont setfont
149.189965 355.034042 translate 0.000000 rotate
0 0 moveto
(Cry1Ah1) show
grestore
gsave
/Times-Roman findfont 0.264127 scalefont setfont
151.107380 361.062322 translate 0.000000 rotate
0 0 moveto
(Cry1Ac35) show
grestore
gsave
/Times-Roman findfont 0.264127 scalefont setfont
151.442372 361.381541 translate 0.000000 rotate
0 0 moveto
(Cry1Ac33) show
grestore
gsave
/Times-Roman findfont 0.264127 scalefont setfont
152.089072 361.419705 translate 0.000000 rotate
0 0 moveto
(Cry1Ac18) show
grestore
gsave
/Times-Roman findfont 0.264127 scalefont setfont
152.269494 361.019234 translate 0.000000 rotate
0 0 moveto
(Cry1Ac2) show
grestore
gsave
/Times-Roman findfont 0.264127 scalefont setfont
152.365491 361.004102 translate 0.000000 rotate
0 0 moveto
(Cry1Ac21) show
grestore
gsave
/Times-Roman findfont 0.264127 scalefont setfont
152.365238 361.002522 translate 0.000000 rotate
0 0 moveto
(Cry1Ac29) show
grestore
gsave
/Times-Roman findfont 0.264127 scalefont setfont
152.371663 360.983171 translate 0.000000 rotate
0 0 moveto
(Cry1Ac20) show
grestore
gsave
/Times-Roman findfont 0.264127 scalefont setfont
152.136103 360.765915 translate 0.000000 rotate
0 0 moveto
(Cry1Ac27) show
grestore
gsave
/Times-Roman findfont 0.264127 scalefont setfont
152.063791 360.685206 translate 0.000000 rotate
0 0 moveto
(Cry1Ac26) show
grestore
gsave
/Times-Roman findfont 0.264127 scalefont setfont
152.301642 361.023038 translate 0.000000 rotate
0 0 moveto
(Cry1Ac32) show
grestore
gsave
/Times-Roman findfont 0.264127 scalefont setfont
152.528034 361.548840 translate 0.000000 rotate
0 0 moveto
(Cry1Ac25) show
grestore
gsave
/Times-Roman findfont 0.264127 scalefont setfont
152.356305 361.048320 translate 0.000000 rotate
0 0 moveto
(Cry1Ac17) show
grestore
gsave
/Times-Roman findfont 0.264127 scalefont setfont
152.407050 360.879129 translate 0.000000 rotate
0 0 moveto
(Cry1Ac24) show
grestore
gsave
/Times-Roman findfont 0.264127 scalefont setfont
152.174458 360.916903 translate 0.000000 rotate
0 0 moveto
(Cry1Ac14) show
grestore
gsave
/Times-Roman findfont 0.264127 scalefont setfont
152.428706 361.043838 translate 0.000000 rotate
0 0 moveto
(Cry1Ac5) show
grestore
gsave
/Times-Roman findfont 0.264127 scalefont setfont
152.948843 361.136244 translate 0.000000 rotate
0 0 moveto
(Cry1Ac4) show
grestore
gsave
/Times-Roman findfont 0.264127 scalefont setfont
158.172050 363.123746 translate 0.000000 rotate
0 0 moveto
(Cry1Ab24) show
grestore
gsave
/Times-Roman findfont 0.264127 scalefont setfont
158.595587 363.332644 translate 0.000000 rotate
0 0 moveto
(Cry1Ab18) show
grestore
gsave
/Times-Roman findfont 0.264127 scalefont setfont
159.696835 363.861603 translate 0.000000 rotate
0 0 moveto
(Cry1Ab27) show
grestore
gsave
/Times-Roman findfont 0.264127 scalefont setfont
159.571201 362.958544 translate 0.000000 rotate
0 0 moveto
(Cry1Ab31) show
grestore
gsave
/Times-Roman findfont 0.264127 scalefont setfont
168.922392 386.564104 translate 0.000000 rotate
0 0 moveto
(Cry1A-like) show
grestore
gsave
/Times-Roman findfont 0.264127 scalefont setfont
165.219711 370.736503 translate 0.000000 rotate
0 0 moveto
(Cry1Ab-lik) show
grestore
gsave
/Times-Roman findfont 0.264127 scalefont setfont
165.764051 371.235598 translate 0.000000 rotate
0 0 moveto
(Cry1Ab-lik) show
grestore
gsave
/Times-Roman findfont 0.264127 scalefont setfont
163.334596 367.580995 translate 0.000000 rotate
0 0 moveto
(Cry1Ab-lik) show
grestore
gsave
/Times-Roman findfont 0.264127 scalefont setfont
159.679903 363.670202 translate 0.000000 rotate
0 0 moveto
(Cry1Ab32) show
grestore
gsave
/Times-Roman findfont 0.264127 scalefont setfont
159.714504 363.143184 translate 0.000000 rotate
0 0 moveto
(Cry1Ab36) show
grestore
gsave
/Times-Roman findfont 0.264127 scalefont setfont
159.624360 363.643003 translate 0.000000 rotate
0 0 moveto
(Cry1Ab35) show
grestore
gsave
/Times-Roman findfont 0.264127 scalefont setfont
158.758329 363.641583 translate 0.000000 rotate
0 0 moveto
(Cry1Ab30) show
grestore
gsave
/Times-Roman findfont 0.264127 scalefont setfont
159.782420 363.190728 translate 0.000000 rotate
0 0 moveto
(Cry1Ab17) show
grestore
gsave
/Times-Roman findfont 0.264127 scalefont setfont
159.638640 363.285800 translate 0.000000 rotate
0 0 moveto
(Cry1Ab23) show
grestore
gsave
/Times-Roman findfont 0.264127 scalefont setfont
159.831921 363.987478 translate 0.000000 rotate
0 0 moveto
(Cry1Ab26) show
grestore
gsave
/Times-Roman findfont 0.264127 scalefont setfont
159.852393 363.007294 translate 0.000000 rotate
0 0 moveto
(Cry1Ab22) show
grestore
gsave
/Times-Roman findfont 0.264127 scalefont setfont
159.882717 362.956815 translate 0.000000 rotate
0 0 moveto
(Cry1Ab16) show
grestore
gsave
/Times-Roman findfont 0.264127 scalefont setfont
159.493472 363.349086 translate 0.000000 rotate
0 0 moveto
(Cry1Ab20) show
grestore
gsave
/Times-Roman findfont 0.264127 scalefont setfont
159.426402 363.354449 translate 0.000000 rotate
0 0 moveto
(Cry1Ab21) show
grestore
gsave
/Times-Roman findfont 0.264127 scalefont setfont
160.345744 363.457007 translate 0.000000 rotate
0 0 moveto
(Cry1Ab19) show
grestore
gsave
/Times-Roman findfont 0.264127 scalefont setfont
163.284753 362.675720 translate 0.000000 rotate
0 0 moveto
(Cry1Ab2) show
grestore
gsave
/Times-Roman findfont 0.264127 scalefont setfont
158.831854 363.640828 translate 0.000000 rotate
0 0 moveto
(Cry1Ab12) show
grestore
gsave
/Times-Roman findfont 0.264127 scalefont setfont
159.472026 363.306924 translate 0.000000 rotate
0 0 moveto
(Cry1Ab13) show
grestore
gsave
/Times-Roman findfont 0.264127 scalefont setfont
160.456637 363.579834 translate 0.000000 rotate
0 0 moveto
(Cry1Ab7) show
grestore
gsave
/Times-Roman findfont 0.264127 scalefont setfont
159.652059 363.715840 translate 0.000000 rotate
0 0 moveto
(Cry1Ab5) show
grestore
gsave
/Times-Roman findfont 0.264127 scalefont setfont
159.534366 363.643921 translate 0.000000 rotate
0 0 moveto
(Cry1Ab3) show
grestore
gsave
/Times-Roman findfont 0.264127 scalefont setfont
159.543457 363.878376 translate 0.000000 rotate
0 0 moveto
(Cry1Ab8) show
grestore
gsave
/Times-Roman findfont 0.264127 scalefont setfont
159.356701 364.207100 translate 0.000000 rotate
0 0 moveto
(Cry1Ab6) show
grestore
gsave
/Times-Roman findfont 0.264127 scalefont setfont
159.693103 363.717950 translate 0.000000 rotate
0 0 moveto
(Cry1Ab14) show
grestore
gsave
/Times-Roman findfont 0.264127 scalefont setfont
159.636129 363.709397 translate 0.000000 rotate
0 0 moveto
(Cry1Ab10) show
grestore
gsave
/Times-Roman findfont 0.264127 scalefont setfont
160.132912 363.534243 translate 0.000000 rotate
0 0 moveto
(my46.6699) show
grestore
gsave
/Times-Roman findfont 0.264127 scalefont setfont
159.549292 363.644403 translate 0.000000 rotate
0 0 moveto
(Cry1Ab9) show
grestore
gsave
/Times-Roman findfont 0.264127 scalefont setfont
159.532212 363.291739 translate 0.000000 rotate
0 0 moveto
(Cry1Ab1) show
grestore
gsave
/Times-Roman findfont 0.264127 scalefont setfont
159.538589 363.313490 translate 0.000000 rotate
0 0 moveto
(Cry1Ab4) show
grestore
gsave
/Times-Roman findfont 0.264127 scalefont setfont
159.474866 363.310947 translate 0.000000 rotate
0 0 moveto
(Cry1Ab15) show
grestore
gsave
/Times-Roman findfont 0.264127 scalefont setfont
159.628639 363.646693 translate 0.000000 rotate
0 0 moveto
(Cry1Ab25) show
grestore
gsave
/Times-Roman findfont 0.264127 scalefont setfont
159.145902 361.931619 translate 0.000000 rotate
0 0 moveto
(Cry1Ab34) show
grestore
gsave
/Times-Roman findfont 0.264127 scalefont setfont
159.631097 363.292927 translate 0.000000 rotate
0 0 moveto
(Cry1Ab29) show
grestore
gsave
/Times-Roman findfont 0.264127 scalefont setfont
156.384160 367.886486 translate 0.000000 rotate
0 0 moveto
(Cry1Ad2) show
grestore
gsave
/Times-Roman findfont 0.264127 scalefont setfont
156.900617 368.059376 translate 0.000000 rotate
0 0 moveto
(Cry1Ad1) show
grestore
gsave
/Times-Roman findfont 0.264127 scalefont setfont
159.386204 367.421405 translate 0.000000 rotate
0 0 moveto
(Cry1Aa14) show
grestore
gsave
/Times-Roman findfont 0.264127 scalefont setfont
160.311974 367.428210 translate 0.000000 rotate
0 0 moveto
(Cry1Aa13) show
grestore
gsave
/Times-Roman findfont 0.264127 scalefont setfont
160.383178 367.424354 translate 0.000000 rotate
0 0 moveto
(Cry1Aa9) show
grestore
gsave
/Times-Roman findfont 0.264127 scalefont setfont
160.712364 367.989882 translate 0.000000 rotate
0 0 moveto
(Cry1Aa5) show
grestore
gsave
/Times-Roman findfont 0.264127 scalefont setfont
160.658391 368.049830 translate 0.000000 rotate
0 0 moveto
(Cry1Aa18) show
grestore
gsave
/Times-Roman findfont 0.264127 scalefont setfont
160.646235 368.043783 translate 0.000000 rotate
0 0 moveto
(Cry1Aa23) show
grestore
gsave
/Times-Roman findfont 0.264127 scalefont setfont
161.294820 368.204103 translate 0.000000 rotate
0 0 moveto
(Cry1Aa19) show
grestore
gsave
/Times-Roman findfont 0.264127 scalefont setfont
160.654177 368.389470 translate 0.000000 rotate
0 0 moveto
(Cry1Aa16) show
grestore
gsave
/Times-Roman findfont 0.264127 scalefont setfont
160.594528 368.419103 translate 0.000000 rotate
0 0 moveto
(Cry1Aa15) show
grestore
gsave
/Times-Roman findfont 0.264127 scalefont setfont
159.955567 368.321104 translate 0.000000 rotate
0 0 moveto
(Cry1Aa21) show
grestore
gsave
/Times-Roman findfont 0.264127 scalefont setfont
160.644957 368.052986 translate 0.000000 rotate
0 0 moveto
(Cry1Aa17) show
grestore
gsave
/Times-Roman findfont 0.264127 scalefont setfont
160.794657 368.644497 translate 0.000000 rotate
0 0 moveto
(Cry1Aa10) show
grestore
gsave
/Times-Roman findfont 0.264127 scalefont setfont
162.509525 369.277126 translate 0.000000 rotate
0 0 moveto
(Cry1Aa7) show
grestore
gsave
/Times-Roman findfont 0.264127 scalefont setfont
164.040357 370.034337 translate 0.000000 rotate
0 0 moveto
(Cry1Ag1) show
grestore
gsave
/Times-Roman findfont 0.264127 scalefont setfont
160.829714 368.031663 translate 0.000000 rotate
0 0 moveto
(Cry1Aa1) show
grestore
gsave
/Times-Roman findfont 0.264127 scalefont setfont
161.359009 368.401355 translate 0.000000 rotate
0 0 moveto
(Cry1Aa4) show
grestore
gsave
/Times-Roman findfont 0.264127 scalefont setfont
160.638266 368.056819 translate 0.000000 rotate
0 0 moveto
(Cry1Aa11) show
grestore
gsave
/Times-Roman findfont 0.264127 scalefont setfont
160.665116 368.582678 translate 0.000000 rotate
0 0 moveto
(Cry1Aa22) show
grestore
gsave
/Times-Roman findfont 0.264127 scalefont setfont
160.655015 368.000914 translate 0.000000 rotate
0 0 moveto
(Cry1Aa20) show
grestore
gsave
/Times-Roman findfont 0.264127 scalefont setfont
160.654388 368.121296 translate 0.000000 rotate
0 0 moveto
(Cry1Aa12) show
grestore
gsave
/Times-Roman findfont 0.264127 scalefont setfont
160.719502 368.460847 translate 0.000000 rotate
0 0 moveto
(Cry1Aa3) show
grestore
gsave
/Times-Roman findfont 0.264127 scalefont setfont
162.708897 335.708765 translate 0.000000 rotate
0 0 moveto
(Cry1Cb2) show
grestore
gsave
/Times-Roman findfont 0.264127 scalefont setfont
161.824215 338.497810 translate 0.000000 rotate
0 0 moveto
(Cry1Ca14) show
grestore
gsave
/Times-Roman findfont 0.264127 scalefont setfont
161.857354 338.899413 translate 0.000000 rotate
0 0 moveto
(Cry1Ca13) show
grestore
gsave
/Times-Roman findfont 0.264127 scalefont setfont
161.845641 338.596374 translate 0.000000 rotate
0 0 moveto
(Cry1Ca7) show
grestore
gsave
/Times-Roman findfont 0.264127 scalefont setfont
161.757417 338.323897 translate 0.000000 rotate
0 0 moveto
(Cry1Ca6) show
grestore
gsave
/Times-Roman findfont 0.264127 scalefont setfont
161.801754 338.556074 translate 0.000000 rotate
0 0 moveto
(Cry1Ca4) show
grestore
gsave
/Times-Roman findfont 0.264127 scalefont setfont
161.747417 338.450759 translate 0.000000 rotate
0 0 moveto
(Cry1Ca1) show
grestore
gsave
/Times-Roman findfont 0.264127 scalefont setfont
161.717174 338.566225 translate 0.000000 rotate
0 0 moveto
(Cry1Ca11) show
grestore
gsave
/Times-Roman findfont 0.264127 scalefont setfont
161.825269 338.957036 translate 0.000000 rotate
0 0 moveto
(Cry1Ca8) show
grestore
gsave
/Times-Roman findfont 0.264127 scalefont setfont
161.733599 338.398300 translate 0.000000 rotate
0 0 moveto
(Cry1Ca3) show
grestore
gsave
/Times-Roman findfont 0.264127 scalefont setfont
161.820768 338.605235 translate 0.000000 rotate
0 0 moveto
(Cry1Ca9) show
grestore
gsave
/Times-Roman findfont 0.264127 scalefont setfont
161.202455 338.828345 translate 0.000000 rotate
0 0 moveto
(Cry1Ca12) show
grestore
gsave
/Times-Roman findfont 0.264127 scalefont setfont
161.153803 334.284539 translate 0.000000 rotate
0 0 moveto
(Cry1Eb1) show
grestore
gsave
/Times-Roman findfont 0.264127 scalefont setfont
159.035985 339.899167 translate 0.000000 rotate
0 0 moveto
(Cry1Ea12) show
grestore
gsave
/Times-Roman findfont 0.264127 scalefont setfont
158.953892 340.576113 translate 0.000000 rotate
0 0 moveto
(Cry1Ea8) show
grestore
gsave
/Times-Roman findfont 0.264127 scalefont setfont
158.813339 340.077210 translate 0.000000 rotate
0 0 moveto
(Cry1Ea11) show
grestore
gsave
/Times-Roman findfont 0.264127 scalefont setfont
158.317138 340.085331 translate 0.000000 rotate
0 0 moveto
(Cry1Ea9) show
grestore
gsave
/Times-Roman findfont 0.264127 scalefont setfont
158.767908 339.971753 translate 0.000000 rotate
0 0 moveto
(Cry1Ea10) show
grestore
gsave
/Times-Roman findfont 0.264127 scalefont setfont
158.819867 340.112757 translate 0.000000 rotate
0 0 moveto
(Cry1Ea1) show
grestore
gsave
/Times-Roman findfont 0.264127 scalefont setfont
158.823278 340.107234 translate 0.000000 rotate
0 0 moveto
(Cry1Ea2) show
grestore
gsave
/Times-Roman findfont 0.264127 scalefont setfont
158.864201 340.093056 translate 0.000000 rotate
0 0 moveto
(Cry1Ea7) show
grestore
gsave
/Times-Roman findfont 0.264127 scalefont setfont
159.417852 340.422856 translate 0.000000 rotate
0 0 moveto
(Cry1Ea6) show
grestore
gsave
/Times-Roman findfont 0.264127 scalefont setfont
159.595642 340.300760 translate 0.000000 rotate
0 0 moveto
(Cry1Ea4) show
grestore
gsave
/Times-Roman findfont 0.264127 scalefont setfont
159.429621 340.155839 translate 0.000000 rotate
0 0 moveto
(Cry1Ea3) show
grestore
gsave
/Times-Roman findfont 0.264127 scalefont setfont
142.778245 354.110881 translate 0.000000 rotate
0 0 moveto
(Cry1Fb3) show
grestore
gsave
/Times-Roman findfont 0.264127 scalefont setfont
142.671386 353.844032 translate 0.000000 rotate
0 0 moveto
(Cry1Fb6) show
grestore
gsave
/Times-Roman findfont 0.264127 scalefont setfont
142.726799 354.009235 translate 0.000000 rotate
0 0 moveto
(Cry1Fb4) show
grestore
gsave
/Times-Roman findfont 0.264127 scalefont setfont
142.886612 354.396431 translate 0.000000 rotate
0 0 moveto
(Cry1Fb2) show
grestore
gsave
/Times-Roman findfont 0.264127 scalefont setfont
142.567692 354.558916 translate 0.000000 rotate
0 0 moveto
(Cry1Fb7) show
grestore
gsave
/Times-Roman findfont 0.264127 scalefont setfont
142.868098 354.032640 translate 0.000000 rotate
0 0 moveto
(Cry1Fb1) show
grestore
gsave
/Times-Roman findfont 0.264127 scalefont setfont
142.857485 354.388716 translate 0.000000 rotate
0 0 moveto
(Cry1Fb5) show
grestore
gsave
/Times-Roman findfont 0.264127 scalefont setfont
143.488585 354.661522 translate 0.000000 rotate
0 0 moveto
(Cry1Fa4) show
grestore
gsave
/Times-Roman findfont 0.264127 scalefont setfont
143.458519 354.698728 translate 0.000000 rotate
0 0 moveto
(Cry1Ib5) show
grestore
gsave
/Times-Roman findfont 0.264127 scalefont setfont
143.527587 354.638931 translate 0.000000 rotate
0 0 moveto
(Cry1Fa1) show
grestore
gsave
/Times-Roman findfont 0.264127 scalefont setfont
143.529113 354.640935 translate 0.000000 rotate
0 0 moveto
(Cry1Fa2) show
grestore
gsave
/Times-Roman findfont 0.264127 scalefont setfont
176.156517 373.210134 translate 0.000000 rotate
0 0 moveto
(Cry1Ka2) show
grestore
gsave
/Times-Roman findfont 0.264127 scalefont setfont
176.484517 373.579128 translate 0.000000 rotate
0 0 moveto
(Cry1Ka1) show
grestore
gsave
/Times-Roman findfont 0.264127 scalefont setfont
183.838559 383.530341 translate 0.000000 rotate
0 0 moveto
(Cry1Bj1) show
grestore
gsave
/Times-Roman findfont 0.264127 scalefont setfont
180.384318 378.455714 translate 0.000000 rotate
0 0 moveto
(Cry1Be5) show
grestore
gsave
/Times-Roman findfont 0.264127 scalefont setfont
180.381421 378.403519 translate 0.000000 rotate
0 0 moveto
(Cry1Be4) show
grestore
gsave
/Times-Roman findfont 0.264127 scalefont setfont
180.594583 378.651988 translate 0.000000 rotate
0 0 moveto
(Cry1Be3) show
grestore
gsave
/Times-Roman findfont 0.264127 scalefont setfont
180.546307 378.591290 translate 0.000000 rotate
0 0 moveto
(Cry1Be2) show
grestore
gsave
/Times-Roman findfont 0.264127 scalefont setfont
180.374656 378.378358 translate 0.000000 rotate
0 0 moveto
(Cry1Be1) show
grestore
gsave
/Times-Roman findfont 0.264127 scalefont setfont
182.210327 380.769763 translate 0.000000 rotate
0 0 moveto
(Cry1Bi1) show
grestore
gsave
/Times-Roman findfont 0.264127 scalefont setfont
179.167421 376.727341 translate 0.000000 rotate
0 0 moveto
(Cry1Bg1) show
grestore
gsave
/Times-Roman findfont 0.264127 scalefont setfont
178.082294 375.260587 translate 0.000000 rotate
0 0 moveto
(Cry1Bf2) show
grestore
gsave
/Times-Roman findfont 0.264127 scalefont setfont
178.085084 375.263607 translate 0.000000 rotate
0 0 moveto
(Cry1Bf1) show
grestore
gsave
/Times-Roman findfont 0.264127 scalefont setfont
176.621223 372.733633 translate 0.000000 rotate
0 0 moveto
(Cry1Ba7) show
grestore
gsave
/Times-Roman findfont 0.264127 scalefont setfont
176.525182 372.743421 translate 0.000000 rotate
0 0 moveto
(Cry1Ba8) show
grestore
gsave
/Times-Roman findfont 0.264127 scalefont setfont
176.518327 373.139994 translate 0.000000 rotate
0 0 moveto
(Cry1Ba2) show
grestore
gsave
/Times-Roman findfont 0.264127 scalefont setfont
176.518994 373.136453 translate 0.000000 rotate
0 0 moveto
(Cry1Ba4) show
grestore
gsave
/Times-Roman findfont 0.264127 scalefont setfont
176.536021 372.725475 translate 0.000000 rotate
0 0 moveto
(Cry1Ba5) show
grestore
gsave
/Times-Roman findfont 0.264127 scalefont setfont
176.439094 372.306511 translate 0.000000 rotate
0 0 moveto
(Cry1Ba6) show
grestore
gsave
/Times-Roman findfont 0.264127 scalefont setfont
175.908148 372.827257 translate 0.000000 rotate
0 0 moveto
(Cry1Ba3) show
grestore
gsave
/Times-Roman findfont 0.264127 scalefont setfont
176.529658 373.086656 translate 0.000000 rotate
0 0 moveto
(Cry1Ba1) show
grestore
gsave
/Times-Roman findfont 0.264127 scalefont setfont
181.011885 379.055776 translate 0.000000 rotate
0 0 moveto
(Cry1Bh1) show
grestore
gsave
/Times-Roman findfont 0.264127 scalefont setfont
177.595054 373.166623 translate 0.000000 rotate
0 0 moveto
(Cry1Bd3) show
grestore
gsave
/Times-Roman findfont 0.264127 scalefont setfont
177.486288 372.980625 translate 0.000000 rotate
0 0 moveto
(Cry1Bd1) show
grestore
gsave
/Times-Roman findfont 0.264127 scalefont setfont
177.214811 372.636062 translate 0.000000 rotate
0 0 moveto
(Cry1Bd2) show
grestore
gsave
/Times-Roman findfont 0.264127 scalefont setfont
176.497505 372.451733 translate 0.000000 rotate
0 0 moveto
(Cry1Bc1) show
grestore
gsave
/Times-Roman findfont 0.264127 scalefont setfont
174.864466 369.243477 translate 0.000000 rotate
0 0 moveto
(Cry1Bb1) show
grestore
gsave
/Times-Roman findfont 0.264127 scalefont setfont
174.892117 369.300470 translate 0.000000 rotate
0 0 moveto
(Cry1Bb3) show
grestore
gsave
/Times-Roman findfont 0.264127 scalefont setfont
174.866565 369.249189 translate 0.000000 rotate
0 0 moveto
(Cry1Bb2) show
grestore
gsave
/Times-Roman findfont 0.264127 scalefont setfont
138.632097 351.994072 translate 0.000000 rotate
0 0 moveto
(my46.6119) show
grestore
gsave
/Times-Roman findfont 0.264127 scalefont setfont
210.782418 389.408443 translate 0.000000 rotate
0 0 moveto
(Cry47Aa1) show
grestore
gsave
/Times-Roman findfont 0.264127 scalefont setfont
231.825697 350.214082 translate 0.000000 rotate
0 0 moveto
(Cry28Aa2) show
grestore
gsave
/Times-Roman findfont 0.264127 scalefont setfont
233.061838 349.533939 translate 0.000000 rotate
0 0 moveto
(Cry28Aa1) show
grestore
gsave
/Times-Roman findfont 0.264127 scalefont setfont
221.102522 349.611670 translate 0.000000 rotate
0 0 moveto
(Cry26Aa1) show
grestore
gsave
/Times-Roman findfont 0.264127 scalefont setfont
208.777330 322.200515 translate 0.000000 rotate
0 0 moveto
(Cry61Aa1) show
grestore
gsave
/Times-Roman findfont 0.264127 scalefont setfont
209.501298 322.273626 translate 0.000000 rotate
0 0 moveto
(Cry61Aa3) show
grestore
gsave
/Times-Roman findfont 0.264127 scalefont setfont
208.862947 322.130248 translate 0.000000 rotate
0 0 moveto
(Cry61Aa2) show
grestore
gsave
/Times-Roman findfont 0.264127 scalefont setfont
201.001123 323.675340 translate 0.000000 rotate
0 0 moveto
(Cry7Fb2) show
grestore
gsave
/Times-Roman findfont 0.264127 scalefont setfont
202.744393 321.817913 translate 0.000000 rotate
0 0 moveto
(Cry7Fa1) show
grestore
gsave
/Times-Roman findfont 0.264127 scalefont setfont
202.733633 321.818557 translate 0.000000 rotate
0 0 moveto
(Cry7Fa2) show
grestore
gsave
/Times-Roman findfont 0.264127 scalefont setfont
186.750683 319.708136 translate 0.000000 rotate
0 0 moveto
(Cry7Gd1) show
grestore
gsave
/Times-Roman findfont 0.264127 scalefont setfont
187.682170 317.946828 translate 0.000000 rotate
0 0 moveto
(Cry7Ga2) show
grestore
gsave
/Times-Roman findfont 0.264127 scalefont setfont
186.858078 318.722018 translate 0.000000 rotate
0 0 moveto
(Cry7Gb1) show
grestore
gsave
/Times-Roman findfont 0.264127 scalefont setfont
186.271143 319.300079 translate 0.000000 rotate
0 0 moveto
(Cry7Gc1) show
grestore
gsave
/Times-Roman findfont 0.264127 scalefont setfont
189.624454 308.182737 translate 0.000000 rotate
0 0 moveto
(Cry7Ja1) show
grestore
gsave
/Times-Roman findfont 0.264127 scalefont setfont
188.577865 311.297013 translate 0.000000 rotate
0 0 moveto
(Cry7Da3) show
grestore
gsave
/Times-Roman findfont 0.264127 scalefont setfont
188.584631 311.296708 translate 0.000000 rotate
0 0 moveto
(Cry7Da1) show
grestore
gsave
/Times-Roman findfont 0.264127 scalefont setfont
189.818199 306.912067 translate 0.000000 rotate
0 0 moveto
(Cry7Ia1) show
grestore
gsave
/Times-Roman findfont 0.264127 scalefont setfont
192.097472 300.611862 translate 0.000000 rotate
0 0 moveto
(Cry7Cb1) show
grestore
gsave
/Times-Roman findfont 0.264127 scalefont setfont
191.005323 298.312877 translate 0.000000 rotate
0 0 moveto
(Cry7Ca1) show
grestore
gsave
/Times-Roman findfont 0.264127 scalefont setfont
189.729158 288.808235 translate 0.000000 rotate
0 0 moveto
(Cry7Ea1) show
grestore
gsave
/Times-Roman findfont 0.264127 scalefont setfont
190.405254 288.799356 translate 0.000000 rotate
0 0 moveto
(Cry7Ea3) show
grestore
gsave
/Times-Roman findfont 0.264127 scalefont setfont
190.397411 288.446138 translate 0.000000 rotate
0 0 moveto
(Cry7Ea2) show
grestore
gsave
/Times-Roman findfont 0.264127 scalefont setfont
186.281958 302.319084 translate 0.000000 rotate
0 0 moveto
(Cry7Bb1) show
grestore
gsave
/Times-Roman findfont 0.264127 scalefont setfont
184.381705 304.719177 translate 0.000000 rotate
0 0 moveto
(Cry7Ba1) show
grestore
gsave
/Times-Roman findfont 0.264127 scalefont setfont
183.755220 303.057357 translate 0.000000 rotate
0 0 moveto
(Cry7La1) show
grestore
gsave
/Times-Roman findfont 0.264127 scalefont setfont
182.477576 306.383053 translate 0.000000 rotate
0 0 moveto
(Cry7Ha1) show
grestore
gsave
/Times-Roman findfont 0.264127 scalefont setfont
181.001423 305.515142 translate 0.000000 rotate
0 0 moveto
(Cry7Ka1) show
grestore
gsave
/Times-Roman findfont 0.264127 scalefont setfont
180.877204 304.661347 translate 0.000000 rotate
0 0 moveto
(Cry7Kb1) show
grestore
gsave
/Times-Roman findfont 0.264127 scalefont setfont
169.864883 302.653254 translate 0.000000 rotate
0 0 moveto
(Cry7Aa1) show
grestore
gsave
/Times-Roman findfont 0.264127 scalefont setfont
171.134517 294.083697 translate 0.000000 rotate
0 0 moveto
(Cry7Ac1) show
grestore
gsave
/Times-Roman findfont 0.264127 scalefont setfont
171.628792 304.154088 translate 0.000000 rotate
0 0 moveto
(Cry7Ab4) show
grestore
gsave
/Times-Roman findfont 0.264127 scalefont setfont
172.299325 304.258527 translate 0.000000 rotate
0 0 moveto
(Cry7Ab1) show
grestore
gsave
/Times-Roman findfont 0.264127 scalefont setfont
175.277620 301.934795 translate 0.000000 rotate
0 0 moveto
(Cry7Ab5) show
grestore
gsave
/Times-Roman findfont 0.264127 scalefont setfont
172.750404 303.220455 translate 0.000000 rotate
0 0 moveto
(Cry7Ab9) show
grestore
gsave
/Times-Roman findfont 0.264127 scalefont setfont
171.518687 303.619910 translate 0.000000 rotate
0 0 moveto
(Cry7Ab6) show
grestore
gsave
/Times-Roman findfont 0.264127 scalefont setfont
171.456024 304.496699 translate 0.000000 rotate
0 0 moveto
(Cry7Ab8) show
grestore
gsave
/Times-Roman findfont 0.264127 scalefont setfont
171.459910 304.838784 translate 0.000000 rotate
0 0 moveto
(Cry7Ab3) show
grestore
gsave
/Times-Roman findfont 0.264127 scalefont setfont
171.459494 304.845345 translate 0.000000 rotate
0 0 moveto
(Cry7Ab7) show
grestore
gsave
/Times-Roman findfont 0.264127 scalefont setfont
170.766088 304.838770 translate 0.000000 rotate
0 0 moveto
(Cry7Ab2) show
grestore
gsave
/Times-Roman findfont 0.264127 scalefont setfont
212.805585 425.209565 translate 0.000000 rotate
0 0 moveto
(Cry19Ca1) show
grestore
gsave
/Times-Roman findfont 0.264127 scalefont setfont
217.051859 434.695765 translate 0.000000 rotate
0 0 moveto
(mb11.5382) show
grestore
gsave
/Times-Roman findfont 0.264127 scalefont setfont
258.196425 508.352238 translate 0.000000 rotate
0 0 moveto
(a24.4220) show
grestore
gsave
/Times-Roman findfont 0.264127 scalefont setfont
294.144452 501.774608 translate 0.000000 rotate
0 0 moveto
(a24.4219) show
grestore
gsave
/Times-Roman findfont 0.264127 scalefont setfont
227.055876 415.330320 translate 0.000000 rotate
0 0 moveto
(fig|91061.) show
grestore
gsave
/Times-Roman findfont 0.264127 scalefont setfont
227.098004 415.331635 translate 0.000000 rotate
0 0 moveto
(d12.3789) show
grestore
gsave
/Times-Roman findfont 0.264127 scalefont setfont
227.796659 413.054475 translate 0.000000 rotate
0 0 moveto
(fig|91061.) show
grestore
gsave
/Times-Roman findfont 0.264127 scalefont setfont
227.838052 413.055111 translate 0.000000 rotate
0 0 moveto
(d12.3792) show
grestore
gsave
/Times-Roman findfont 0.264127 scalefont setfont
237.189443 418.079505 translate 0.000000 rotate
0 0 moveto
(a24.4581) show
grestore
gsave
/Times-Roman findfont 0.264127 scalefont setfont
234.440773 413.024855 translate 0.000000 rotate
0 0 moveto
(Cry4Ba3) show
grestore
gsave
/Times-Roman findfont 0.264127 scalefont setfont
231.792836 408.354438 translate 0.000000 rotate
0 0 moveto
(Cyt2Ba9) show
grestore
gsave
/Times-Roman findfont 0.264127 scalefont setfont
231.788853 408.352799 translate 0.000000 rotate
0 0 moveto
(Cry4Ba5) show
grestore
gsave
/Times-Roman findfont 0.264127 scalefont setfont
231.799258 408.532667 translate 0.000000 rotate
0 0 moveto
(Cry4Ba4) show
grestore
gsave
/Times-Roman findfont 0.264127 scalefont setfont
231.801068 408.424465 translate 0.000000 rotate
0 0 moveto
(Cry4Ba2) show
grestore
gsave
/Times-Roman findfont 0.264127 scalefont setfont
231.210197 408.289414 translate 0.000000 rotate
0 0 moveto
(a24.3672) show
grestore
gsave
/Times-Roman findfont 0.264127 scalefont setfont
231.232160 408.291763 translate 0.000000 rotate
0 0 moveto
(Cry4Ba1) show
grestore
gsave
/Times-Roman findfont 0.264127 scalefont setfont
241.312755 406.728945 translate 0.000000 rotate
0 0 moveto
(mb11.5843) show
grestore
gsave
/Times-Roman findfont 0.264127 scalefont setfont
244.984315 407.850758 translate 0.000000 rotate
0 0 moveto
(Cyt2Ba9) show
grestore
gsave
/Times-Roman findfont 0.264127 scalefont setfont
244.964142 407.605033 translate 0.000000 rotate
0 0 moveto
(Cry4Aa4) show
grestore
gsave
/Times-Roman findfont 0.264127 scalefont setfont
245.583663 407.360252 translate 0.000000 rotate
0 0 moveto
(Cry4Aa1) show
grestore
gsave
/Times-Roman findfont 0.264127 scalefont setfont
245.520380 407.584469 translate 0.000000 rotate
0 0 moveto
(a24.4892) show
grestore
gsave
/Times-Roman findfont 0.264127 scalefont setfont
245.532043 407.926943 translate 0.000000 rotate
0 0 moveto
(Cry4Aa3) show
grestore
gsave
/Times-Roman findfont 0.264127 scalefont setfont
244.955278 407.780501 translate 0.000000 rotate
0 0 moveto
(Cry4Aa2) show
grestore
gsave
/Times-Roman findfont 0.264127 scalefont setfont
407.632559 448.565142 translate 0.000000 rotate
0 0 moveto
(mb11.4039) show
grestore
gsave
/Times-Roman findfont 0.264127 scalefont setfont
418.752475 460.200870 translate 0.000000 rotate
0 0 moveto
(mb11.5797) show
grestore
gsave
/Times-Roman findfont 0.264127 scalefont setfont
428.252395 448.728872 translate 0.000000 rotate
0 0 moveto
(a24.4391) show
grestore
gsave
/Times-Roman findfont 0.264127 scalefont setfont
513.577099 462.412077 translate 0.000000 rotate
0 0 moveto
(mb11.6231) show
grestore
gsave
/Times-Roman findfont 0.264127 scalefont setfont
536.325751 416.221840 translate 0.000000 rotate
0 0 moveto
(mb11.4465) show
grestore
gsave
/Times-Roman findfont 0.264127 scalefont setfont
462.002863 376.946139 translate 0.000000 rotate
0 0 moveto
(mb11.5389) show
grestore
gsave
/Times-Roman findfont 0.264127 scalefont setfont
453.275381 370.343335 translate 0.000000 rotate
0 0 moveto
(a24.3671) show
grestore
gsave
/Times-Roman findfont 0.264127 scalefont setfont
413.682314 386.110849 translate 0.000000 rotate
0 0 moveto
(mb11.6176) show
grestore
gsave
/Times-Roman findfont 0.264127 scalefont setfont
413.531534 388.860035 translate 0.000000 rotate
0 0 moveto
(a24.3203) show
grestore
stroke     0.03 setlinewidth 
 1 setlinecap 1 setlinejoin 
stroke showpage 

%%PageTrailer
%%PageFonts: Times-Roman
%%Trailer
%%DocumentFonts: Times-Roman
