20.1155	20.1155	100.000	1155	0	0	1	1155	1	1155	0.0	2410
20.1155	19.1118	71.517	1127	291	12	1	1109	1	1115	0.0	1500
20.1155	86.1145	34.651	1088	566	25	34	1032	62	1093	2.10e-172	531
20.1155	87.1135	31.932	1118	631	32	3	1040	22	1089	2.07e-158	494
20.1155	81.1161	32.609	1012	596	23	73	1030	128	1107	9.84e-152	477
20.1155	97.1155	36.923	780	418	21	310	1040	355	1109	1.05e-134	431
20.1155	97.1155	33.103	145	89	4	36	172	59	203	1.98e-12	63.2
20.1155	37.1145	35.396	808	452	17	288	1048	322	1106	1.81e-134	431
20.1155	37.1145	31.126	151	99	3	27	172	50	200	2.72e-17	79.3
20.1155	65.1118	40.741	675	345	19	401	1040	418	1072	3.68e-132	424
20.1155	65.1118	26.957	115	79	2	52	161	40	154	6.52e-10	55.1
20.1155	25.1144	32.554	1069	592	29	44	1033	78	1096	4.71e-131	421
20.1155	63.1158	31.917	1059	600	33	55	1030	86	1106	7.76e-131	421
20.1155	6.1157	44.211	570	291	9	403	951	465	1028	2.10e-129	417
20.1155	6.1157	23.034	356	214	14	4	316	39	377	1.89e-11	60.1
20.1155	44.1144	30.689	1059	611	30	54	1030	74	1091	1.42e-128	414
20.1155	73.1158	37.879	660	361	11	404	1030	463	1106	7.19e-128	413
20.1155	73.1158	35.152	165	77	8	18	166	64	214	2.79e-12	62.8
20.1155	43.1155	40.419	668	329	18	419	1040	466	1110	6.16e-126	407
20.1155	8.1157	41.319	576	299	10	412	951	456	1028	1.83e-122	398
20.1155	8.1157	31.169	154	95	3	18	166	59	206	1.60e-15	73.6
20.1155	34.1157	30.199	1106	626	34	28	1032	47	1107	2.89e-122	397
20.1155	49.1158	30.672	1102	627	35	15	1030	56	1106	1.56e-117	385
20.1155	51.1157	39.724	579	311	12	403	951	457	1027	1.76e-111	368
20.1155	50.1157	38.918	573	315	9	408	951	461	1027	1.16e-108	360
20.1155	48.1161	29.754	1099	644	39	18	1033	59	1112	1.68e-108	360
20.1155	47.1163	29.576	1109	629	41	22	1033	61	1114	3.55e-106	353
20.1155	32.1134	28.721	1048	635	33	60	1030	78	1090	4.92e-105	349
20.1155	18.1128	34.532	695	372	17	395	1030	407	1077	1.67e-100	337
20.1155	45.1137	29.032	1116	630	39	34	1041	43	1104	1.52e-98	331
20.1155	64.1155	33.463	771	443	25	309	1030	357	1106	4.98e-94	318
20.1155	64.1155	25.532	188	119	8	6	178	26	207	2.94e-08	49.7
20.1155	115.1146	27.493	1113	676	36	15	1041	47	1114	2.46e-92	313
20.1155	39.1078	31.588	554	337	14	419	951	421	953	3.02e-53	195
20.1155	66.1061	29.469	207	116	10	405	599	543	731	1.41e-11	60.5
64.1155	64.1155	100.000	1154	0	0	1	1154	1	1154	0.0	2229
64.1155	97.1155	45.812	1146	581	19	26	1154	30	1152	0.0	905
64.1155	43.1155	40.913	1117	586	27	70	1154	79	1153	0.0	723
64.1155	49.1158	40.036	1099	599	23	70	1144	85	1147	0.0	720
64.1155	44.1144	39.411	1086	602	25	89	1152	89	1140	0.0	716
64.1155	63.1158	39.945	1094	597	27	89	1154	96	1157	0.0	704
64.1155	86.1145	40.000	1100	575	30	89	1154	94	1142	0.0	703
64.1155	65.1118	39.505	1091	603	24	89	1154	57	1115	0.0	687
64.1155	6.1157	38.413	1109	618	26	70	1151	84	1154	0.0	672
64.1155	32.1134	37.387	1102	642	22	70	1154	64	1134	0.0	667
64.1155	48.1161	38.270	1087	600	29	89	1144	104	1150	0.0	666
64.1155	81.1161	38.638	1087	599	25	89	1154	119	1158	0.0	664
64.1155	87.1135	37.973	1164	649	32	12	1154	21	1132	0.0	659
64.1155	47.1163	38.376	1084	605	27	89	1144	104	1152	0.0	656
64.1155	34.1157	38.653	1084	601	28	99	1154	108	1155	0.0	651
64.1155	25.1144	36.923	1105	613	23	70	1144	84	1134	0.0	645
64.1155	37.1145	38.087	1108	623	27	70	1154	74	1141	0.0	633
64.1155	8.1157	33.949	1137	635	26	70	1154	85	1157	0.0	598
64.1155	51.1157	35.000	1120	645	24	70	1154	85	1156	0.0	596
64.1155	18.1128	35.573	1116	612	29	89	1154	70	1128	0.0	580
64.1155	73.1158	33.604	1110	662	26	70	1150	90	1153	0.0	555
64.1155	115.1146	34.810	1106	627	34	89	1152	91	1144	3.49e-176	541
64.1155	45.1137	34.690	1130	637	31	72	1154	61	1136	4.63e-175	538
64.1155	19.1118	34.757	1030	588	28	97	1106	71	1036	2.12e-165	512
64.1155	50.1157	31.814	1119	655	31	91	1154	91	1156	5.18e-159	496
64.1155	39.1078	28.018	1110	628	34	89	1154	92	1074	7.25e-105	348
64.1155	20.1155	33.030	769	449	22	357	1106	309	1030	2.42e-90	308
64.1155	66.1061	31.092	119	59	4	496	598	580	691	3.00e-07	46.2
32.1134	32.1134	100.000	1134	0	0	1	1134	1	1134	0.0	2328
32.1134	47.1163	45.674	1121	536	19	44	1124	65	1152	0.0	901
32.1134	6.1157	43.345	1112	581	20	47	1132	67	1155	0.0	844
32.1134	25.1144	42.677	1113	558	22	47	1124	67	1134	0.0	815
32.1134	49.1158	40.233	1116	603	18	42	1124	63	1147	0.0	788
32.1134	48.1161	39.684	1139	608	24	28	1124	49	1150	0.0	734
32.1134	37.1145	39.663	1127	594	25	42	1127	52	1133	0.0	726
32.1134	97.1155	38.238	1135	615	27	44	1131	54	1149	0.0	713
32.1134	8.1157	38.163	1132	610	27	44	1129	65	1152	0.0	709
32.1134	86.1145	37.544	1124	625	21	45	1131	56	1139	0.0	694
32.1134	64.1155	37.014	1132	664	23	34	1134	41	1154	0.0	691
32.1134	44.1144	38.434	1124	628	25	41	1131	47	1139	0.0	686
32.1134	63.1158	38.230	1096	611	27	74	1131	87	1154	0.0	668
32.1134	73.1158	36.225	1118	642	22	46	1129	72	1152	0.0	667
32.1134	51.1157	36.437	1117	645	24	46	1129	67	1151	0.0	658
32.1134	87.1135	37.253	1114	612	24	55	1131	66	1129	0.0	645
32.1134	34.1157	37.533	1143	636	27	28	1131	49	1152	0.0	641
32.1134	65.1118	38.007	1134	620	25	43	1131	17	1112	0.0	630
32.1134	81.1161	35.431	1160	657	27	14	1131	46	1155	0.0	623
32.1134	43.1155	36.245	1145	629	30	41	1131	53	1150	0.0	619
32.1134	19.1118	37.609	1029	576	26	77	1090	59	1036	0.0	612
32.1134	50.1157	33.421	1140	662	30	44	1129	55	1151	8.02e-177	543
32.1134	18.1128	33.450	1142	650	29	47	1129	33	1123	1.26e-176	541
32.1134	115.1146	32.944	1199	676	38	1	1129	1	1141	1.03e-164	511
32.1134	45.1137	31.461	1157	663	29	41	1129	37	1131	4.04e-162	504
32.1134	20.1155	28.721	1048	635	33	78	1090	60	1030	2.90e-101	339
32.1134	39.1078	29.412	731	431	21	427	1129	396	1069	5.45e-61	219
32.1134	39.1078	26.515	264	175	5	78	329	87	343	8.05e-32	126
32.1134	66.1061	25.296	423	263	14	240	641	341	731	1.38e-13	67.0
18.1128	18.1128	100.000	1128	0	0	1	1128	1	1128	0.0	2293
18.1128	49.1158	40.146	1096	559	27	69	1118	103	1147	0.0	734
18.1128	44.1144	37.900	1124	607	25	48	1128	67	1142	0.0	690
18.1128	48.1161	38.490	1099	598	22	56	1116	90	1148	0.0	682
18.1128	86.1145	37.665	1139	574	30	52	1128	78	1142	0.0	675
18.1128	81.1161	36.687	1123	619	26	46	1128	88	1158	0.0	671
18.1128	87.1135	36.927	1113	606	27	55	1128	77	1132	0.0	670
18.1128	97.1155	36.842	1121	623	26	52	1128	73	1152	0.0	668
18.1128	47.1163	38.082	1116	581	27	56	1116	90	1150	0.0	665
18.1128	43.1155	37.534	1119	600	25	58	1128	86	1153	0.0	664
18.1128	45.1137	37.163	1149	588	33	48	1128	54	1136	0.0	664
18.1128	63.1158	37.054	1120	590	25	68	1128	94	1157	0.0	659
18.1128	34.1157	36.388	1102	601	24	77	1128	104	1155	0.0	657
18.1128	25.1144	37.669	1107	555	28	69	1116	102	1132	0.0	655
18.1128	8.1157	35.996	1114	626	25	56	1128	90	1157	0.0	643
18.1128	51.1157	35.872	1129	601	26	59	1128	92	1156	0.0	642
18.1128	65.1118	36.332	1134	600	27	56	1128	43	1115	0.0	632
18.1128	115.1146	36.922	1124	592	30	59	1126	82	1144	0.0	631
18.1128	73.1158	36.470	1116	606	30	59	1127	97	1156	0.0	627
18.1128	37.1145	36.233	1115	606	26	55	1121	76	1133	0.0	617
18.1128	64.1155	35.554	1111	619	29	70	1128	89	1154	0.0	587
18.1128	50.1157	34.577	1099	607	27	91	1128	109	1156	0.0	574
18.1128	6.1157	44.063	699	358	10	435	1124	479	1153	0.0	573
18.1128	6.1157	37.218	266	145	7	69	323	102	356	4.98e-42	159
18.1128	32.1134	33.813	1112	629	27	62	1123	75	1129	2.86e-180	551
18.1128	19.1118	34.275	1062	585	27	50	1077	54	1036	6.76e-167	516
18.1128	39.1078	29.396	1109	627	30	60	1128	82	1074	2.38e-126	406
18.1128	20.1155	34.532	695	372	17	407	1077	395	1030	1.85e-100	337
18.1128	66.1061	25.282	443	215	18	239	617	341	731	2.00e-19	85.9
39.1078	39.1078	100.000	1078	0	0	1	1078	1	1078	0.0	2182
39.1078	115.1146	30.755	1099	608	32	87	1072	86	1144	4.27e-131	419
39.1078	45.1137	29.937	1119	650	30	63	1074	45	1136	1.37e-130	418
39.1078	6.1157	29.220	1102	646	26	73	1071	84	1154	8.28e-128	411
39.1078	49.1158	29.963	1078	628	28	84	1062	96	1145	5.70e-127	409
39.1078	18.1128	29.396	1109	627	30	82	1074	60	1128	1.91e-126	406
39.1078	81.1161	28.269	1132	700	25	25	1074	57	1158	3.30e-125	404
39.1078	44.1144	28.297	1092	648	22	86	1074	83	1142	5.40e-124	400
39.1078	63.1158	30.027	1099	628	29	86	1074	90	1157	1.56e-123	399
39.1078	47.1163	28.492	1081	639	27	87	1062	99	1150	2.75e-122	396
39.1078	48.1161	28.466	1082	642	28	84	1062	96	1148	3.22e-122	395
39.1078	87.1135	29.898	1077	637	25	85	1074	87	1132	2.34e-120	390
39.1078	86.1145	28.342	1122	657	29	62	1074	59	1142	4.71e-120	389
39.1078	25.1144	28.821	1086	612	28	87	1062	98	1132	8.21e-116	378
39.1078	64.1155	27.571	1157	664	35	50	1074	40	1154	3.71e-109	360
39.1078	73.1158	25.818	1131	697	27	35	1070	70	1153	4.58e-108	357
39.1078	51.1157	26.228	1140	685	31	35	1070	65	1152	1.15e-105	350
39.1078	97.1155	27.663	1164	685	34	32	1074	25	1152	2.82e-105	349
39.1078	37.1145	28.253	1076	649	24	86	1067	87	1133	8.13e-104	345
39.1078	19.1118	27.722	992	622	25	87	1015	60	1019	1.99e-98	329
39.1078	65.1118	28.054	1105	645	29	84	1075	49	1116	4.01e-94	317
39.1078	50.1157	29.137	707	430	14	413	1070	468	1152	2.22e-79	275
39.1078	50.1157	29.224	219	141	4	96	305	93	306	7.17e-23	97.1
39.1078	43.1155	32.123	716	398	16	420	1074	465	1153	1.28e-77	270
39.1078	43.1155	25.460	326	199	8	62	363	63	368	4.19e-31	124
39.1078	34.1157	32.344	674	386	16	447	1074	506	1155	2.20e-74	260
39.1078	34.1157	27.832	309	208	3	102	402	108	409	4.87e-32	127
39.1078	8.1157	29.403	687	400	18	443	1070	493	1153	3.09e-73	256
39.1078	8.1157	27.500	280	179	4	87	353	99	367	2.38e-34	134
39.1078	32.1134	29.412	731	431	21	396	1069	427	1129	5.36e-63	225
39.1078	32.1134	26.515	264	175	5	87	343	78	329	7.65e-32	126
39.1078	20.1155	31.588	554	337	14	421	953	419	951	2.82e-53	195
39.1078	66.1061	28.736	87	60	2	260	345	340	425	9.02e-08	47.8
66.1061	66.1061	100.000	1060	0	0	1	1060	1	1060	0.0	2086
66.1061	81.1161	23.981	417	249	16	337	731	284	654	1.03e-17	80.5
66.1061	115.1146	26.250	400	221	16	341	712	256	609	1.32e-17	80.1
66.1061	45.1137	27.273	374	197	14	322	667	229	555	1.05e-16	77.0
66.1061	6.1157	34.395	157	89	7	581	731	510	658	1.48e-16	76.6
66.1061	34.1157	33.962	159	93	6	579	731	506	658	1.71e-16	76.3
66.1061	8.1157	25.532	423	250	21	341	731	265	654	3.06e-15	72.4
66.1061	87.1135	32.418	182	111	8	556	731	453	628	4.06e-15	72.0
66.1061	73.1158	30.380	158	95	8	581	731	504	653	2.49e-13	66.2
66.1061	86.1145	31.250	160	93	8	581	732	485	635	3.01e-13	65.9
66.1061	49.1158	29.677	155	102	5	579	731	503	652	4.70e-13	65.1
66.1061	49.1158	33.019	106	60	3	333	428	254	358	4.31e-08	48.9
66.1061	18.1128	29.762	168	93	8	577	731	462	617	5.05e-12	61.6
66.1061	18.1128	34.783	92	50	3	341	426	239	326	2.34e-09	53.1
66.1061	63.1158	28.682	129	82	3	578	700	497	621	8.54e-12	61.2
66.1061	43.1155	27.500	160	103	6	579	731	496	649	1.20e-11	60.5
66.1061	20.1155	29.469	207	116	10	543	731	405	599	1.34e-11	60.5
66.1061	51.1157	25.882	170	111	6	569	731	492	653	2.59e-11	59.3
66.1061	19.1118	29.126	206	118	10	543	731	410	604	5.51e-11	58.5
66.1061	25.1144	33.088	136	85	6	568	700	499	631	1.12e-10	57.4
66.1061	65.1118	36.134	119	60	5	559	667	437	549	1.33e-10	57.0
66.1061	37.1145	42.169	83	44	2	581	661	481	561	4.66e-10	55.5
66.1061	37.1145	30.612	98	65	3	340	435	252	348	5.10e-07	45.4
66.1061	44.1144	27.500	160	99	5	578	731	490	638	1.46e-09	53.9
66.1061	32.1134	30.769	169	102	6	575	731	476	641	3.43e-09	52.4
66.1061	97.1155	28.000	175	89	7	578	731	490	648	1.01e-08	50.8
66.1061	47.1163	33.673	98	57	3	333	423	254	350	3.93e-08	48.9
66.1061	39.1078	28.736	87	60	2	340	425	260	345	8.88e-08	47.8
66.1061	64.1155	31.092	119	59	4	580	691	496	598	3.58e-07	45.8
