103.618	103.618	100.000	618	0	0	1	618	1	618	0.0	1119
103.618	679.631	26.403	606	325	23	68	616	88	629	8.24e-32	123
103.618	90.613	29.174	545	343	17	79	595	61	590	3.83e-29	115
103.618	12.649	28.797	507	278	22	67	522	96	570	7.31e-26	105
103.618	0.644	26.878	599	339	25	67	618	98	644	1.44e-25	104
103.618	27.644	26.878	599	339	25	67	618	98	644	1.44e-25	104
103.618	49.644	26.878	599	339	25	67	618	98	644	1.44e-25	104
103.618	72.644	26.878	599	339	25	67	618	98	644	1.44e-25	104
103.618	309.644	26.878	599	339	25	67	618	98	644	1.44e-25	104
103.618	251.644	26.801	597	338	25	69	618	100	644	4.58e-25	102
103.618	50.644	26.878	599	339	26	67	618	98	644	6.88e-25	102
103.618	248.644	25.828	604	339	24	67	618	98	644	5.40e-23	96.3
103.618	108.648	27.705	610	322	29	67	618	100	648	1.06e-22	95.5
103.618	109.645	26.923	572	307	25	68	571	88	616	5.82e-21	90.1
103.618	86.620	23.236	581	354	19	80	616	73	605	3.11e-20	87.4
103.618	377.601	35.266	207	129	3	76	278	63	268	9.17e-19	82.8
103.618	398.601	35.266	207	129	3	76	278	63	268	1.19e-18	82.4
103.618	580.630	35.266	207	129	3	76	278	91	296	1.23e-18	82.4
103.618	523.610	31.343	201	135	3	80	278	73	272	2.62e-18	81.6
103.618	529.610	31.343	201	135	3	80	278	73	272	2.64e-18	81.6
103.618	468.609	31.343	201	135	3	80	278	73	272	2.75e-18	81.3
103.618	87.607	30.846	201	136	3	80	278	73	272	1.92e-17	78.6
103.618	7.618	30.846	201	136	3	80	278	73	272	2.03e-17	78.6
103.618	345.609	25.806	248	125	10	69	277	5	232	5.92e-07	45.1
90.613	90.613	100.000	613	0	0	1	613	1	613	0.0	1152
90.613	108.648	29.674	583	341	22	48	603	97	637	8.97e-53	185
90.613	50.644	28.302	530	303	20	49	542	96	584	1.25e-43	159
90.613	0.644	28.302	530	303	20	49	542	96	584	1.54e-43	158
90.613	27.644	28.302	530	303	20	49	542	96	584	1.54e-43	158
90.613	49.644	28.302	530	303	20	49	542	96	584	1.54e-43	158
90.613	72.644	28.302	530	303	20	49	542	96	584	1.54e-43	158
90.613	309.644	28.302	530	303	20	49	542	96	584	1.54e-43	158
90.613	251.644	28.298	523	300	19	54	542	103	584	4.29e-43	157
90.613	109.645	26.616	526	313	17	48	530	84	579	6.12e-40	148
90.613	248.644	27.547	530	307	20	49	542	96	584	1.40e-39	147
90.613	377.601	29.004	462	255	21	111	540	117	537	5.44e-38	142
90.613	580.630	29.004	462	255	21	111	540	145	565	7.65e-38	141
90.613	398.601	29.268	451	246	21	122	540	128	537	1.30e-37	140
90.613	529.610	27.059	510	319	20	48	533	60	540	1.77e-36	137
90.613	523.610	27.059	510	319	20	48	533	60	540	2.86e-36	137
90.613	468.609	27.059	510	319	20	48	533	60	540	3.24e-36	136
90.613	87.607	27.593	511	315	22	48	533	60	540	6.96e-36	135
90.613	7.618	27.059	510	319	20	48	533	60	540	8.64e-36	135
90.613	12.649	26.778	478	280	18	48	484	93	541	6.94e-35	133
90.613	103.618	29.899	495	307	16	48	530	64	530	1.40e-34	132
90.613	86.620	25.877	456	290	16	96	531	107	534	2.01e-34	131
90.613	679.631	27.765	443	264	14	116	527	156	573	9.31e-31	120
90.613	345.609	25.210	238	150	6	49	264	1	232	1.39e-15	72.8
90.613	292.626	24.272	206	133	6	44	242	73	262	1.13e-13	66.6
90.613	459.627	23.786	206	134	6	44	242	73	262	4.92e-13	64.7
90.613	281.633	24.155	207	138	7	43	242	68	262	1.21e-11	60.1
90.613	128.633	24.155	207	138	7	43	242	68	262	1.48e-11	60.1
90.613	127.633	24.155	207	138	7	43	242	68	262	2.07e-11	59.3
90.613	110.633	24.155	207	138	7	43	242	68	262	2.11e-11	59.3
90.613	533.634	24.155	207	138	7	43	242	68	262	2.38e-11	59.3
90.613	323.633	24.257	202	134	7	48	242	73	262	2.42e-11	59.3
90.613	640.633	24.155	207	138	7	43	242	68	262	2.42e-11	59.3
90.613	208.632	24.155	207	138	7	43	242	68	262	2.44e-11	59.3
90.613	400.633	24.155	207	138	7	43	242	68	262	2.53e-11	59.3
90.613	25.633	24.155	207	138	7	43	242	68	262	2.60e-11	59.3
90.613	32.633	24.155	207	138	7	43	242	68	262	2.60e-11	59.3
90.613	196.633	24.155	207	138	7	43	242	68	262	2.60e-11	59.3
90.613	203.633	24.155	207	138	7	43	242	68	262	2.60e-11	59.3
90.613	646.625	24.599	187	125	6	60	242	88	262	2.65e-11	59.3
90.613	195.633	24.155	207	138	7	43	242	68	262	2.74e-11	58.9
90.613	589.638	24.599	187	125	6	60	242	101	275	3.02e-11	58.9
90.613	215.635	24.155	207	138	7	43	242	68	262	3.49e-11	58.9
90.613	590.635	24.155	207	138	7	43	242	68	262	3.64e-11	58.5
90.613	340.623	22.995	187	128	6	60	242	88	262	6.27e-11	57.8
90.613	271.623	22.995	187	128	6	60	242	88	262	7.84e-11	57.8
90.613	221.623	22.995	187	128	6	60	242	88	262	8.05e-11	57.8
90.613	339.623	22.995	187	128	6	60	242	88	262	8.26e-11	57.4
90.613	290.623	22.995	187	128	6	60	242	88	262	8.77e-11	57.4
90.613	338.623	22.995	187	128	6	60	242	88	262	8.77e-11	57.4
90.613	436.634	22.995	187	128	6	60	242	88	262	8.78e-11	57.4
90.613	266.623	22.995	187	128	6	60	242	88	262	9.08e-11	57.4
90.613	334.623	22.995	187	128	6	60	242	88	262	9.08e-11	57.4
90.613	420.633	22.115	208	145	7	39	242	68	262	1.02e-10	57.4
90.613	216.625	22.995	187	128	6	60	242	88	262	1.06e-10	57.4
90.613	463.633	25.000	144	96	4	103	242	127	262	1.21e-10	57.0
90.613	673.633	25.000	144	96	4	103	242	127	262	1.26e-10	57.0
90.613	682.633	25.000	144	96	4	103	242	127	262	1.26e-10	57.0
90.613	335.633	22.581	186	128	6	61	242	89	262	1.68e-10	56.6
90.613	268.623	21.809	188	129	6	60	242	88	262	1.88e-10	56.2
90.613	641.634	23.188	207	140	7	43	242	68	262	1.93e-10	56.2
90.613	139.633	24.306	144	97	4	103	242	127	262	2.15e-10	56.2
90.613	269.633	24.306	144	97	4	103	242	127	262	2.17e-10	56.2
90.613	336.633	24.306	144	97	4	103	242	127	262	2.17e-10	56.2
90.613	337.623	22.460	187	129	6	60	242	88	262	3.17e-10	55.8
90.613	333.633	22.751	189	124	5	61	242	89	262	1.37e-09	53.5
90.613	267.633	22.330	206	137	6	44	242	73	262	1.94e-09	53.1
90.613	668.634	25.000	144	96	4	103	242	127	262	2.29e-09	52.8
90.613	396.633	25.000	144	96	4	103	242	127	262	2.39e-09	52.8
90.613	204.633	25.000	144	96	4	103	242	127	262	2.41e-09	52.8
90.613	260.633	25.000	144	96	4	103	242	127	262	2.43e-09	52.8
90.613	512.639	25.000	144	96	4	103	242	133	268	2.46e-09	52.8
90.613	342.632	25.000	144	96	4	103	242	127	262	2.47e-09	52.8
90.613	193.633	25.000	144	96	4	103	242	127	262	2.47e-09	52.8
90.613	544.633	25.000	144	96	4	103	242	127	262	2.47e-09	52.8
90.613	542.634	25.000	144	96	4	103	242	127	262	2.47e-09	52.8
90.613	655.634	25.000	144	96	4	103	242	127	262	2.47e-09	52.8
90.613	289.633	25.000	144	96	4	103	242	127	262	2.51e-09	52.8
90.613	328.633	25.000	144	96	4	103	242	127	262	2.51e-09	52.8
90.613	270.633	25.000	144	96	4	103	242	127	262	2.56e-09	52.8
90.613	16.633	25.000	144	96	4	103	242	127	262	2.60e-09	52.8
90.613	33.633	25.000	144	96	4	103	242	127	262	2.60e-09	52.8
90.613	148.633	25.000	144	96	4	103	242	127	262	2.60e-09	52.8
90.613	458.634	25.000	144	96	4	103	242	127	262	2.60e-09	52.8
90.613	517.634	25.000	144	96	4	103	242	127	262	2.60e-09	52.8
90.613	539.634	25.000	144	96	4	103	242	127	262	2.60e-09	52.8
90.613	545.634	25.000	144	96	4	103	242	127	262	2.60e-09	52.8
90.613	548.634	25.000	144	96	4	103	242	127	262	2.60e-09	52.8
90.613	684.634	25.000	144	96	4	103	242	127	262	2.60e-09	52.8
90.613	329.633	25.000	144	96	4	103	242	127	262	2.62e-09	52.8
90.613	658.634	25.000	144	96	4	103	242	127	262	2.62e-09	52.8
90.613	454.635	25.000	144	96	4	103	242	127	262	2.63e-09	52.8
90.613	285.633	25.000	144	96	4	103	242	127	262	2.67e-09	52.8
90.613	543.634	25.000	144	96	4	103	242	127	262	2.69e-09	52.8
90.613	341.633	25.000	144	96	4	103	242	127	262	2.74e-09	52.8
90.613	541.634	25.000	144	96	4	103	242	127	262	2.74e-09	52.8
90.613	199.633	25.000	144	96	4	103	242	127	262	2.81e-09	52.8
90.613	415.634	25.000	144	96	4	103	242	127	262	2.81e-09	52.8
90.613	656.634	25.000	144	96	4	103	242	127	262	2.99e-09	52.4
90.613	521.634	25.000	144	96	4	103	242	127	262	3.37e-09	52.4
90.613	287.633	24.306	144	97	4	103	242	127	262	7.50e-09	51.2
90.613	540.634	24.306	144	97	4	103	242	127	262	9.07e-09	50.8
90.613	532.634	24.306	144	97	4	103	242	127	262	2.80e-08	49.3
90.613	11.622	20.856	187	132	6	60	242	88	262	1.07e-07	47.4
90.613	381.643	31.746	63	39	1	122	184	129	187	7.40e-07	44.7
90.613	40.643	31.746	63	39	1	122	184	126	184	7.46e-07	44.7
90.613	177.643	31.746	63	39	1	122	184	126	184	7.46e-07	44.7
90.613	402.644	31.746	63	39	1	122	184	126	184	7.47e-07	44.7
